2828 72 0 0 0 902 0 361 0 66 0 12 1 0 0 0 0 0 0 0 0 0 0 0 0 0 0 0 0 0 0 0 0 0 0 0 0 0 0 0 0 0 0 0 0 0 0 0 0 0 0 0 0 0 0 0 0 0 0 0 0 0 0 0 0 0 0 0 0 0 0 0 0 0 0 0 0 0 0 0 0 0 0 0 0 0 0 0 0 0 0 0 0 0 0 0 0 0 0 0 0 
17 30 0 0 0 477 0 191 0 230 0 145 51 15 3 0 0 0 0 0 0 0 0 0 0 0 0 0 0 0 0 0 0 0 0 0 0 0 0 0 0 0 0 0 0 0 0 0 0 0 0 0 0 0 0 0 0 0 0 0 0 0 0 0 0 0 0 0 0 0 0 0 0 0 0 0 0 0 0 0 0 0 0 0 0 0 0 0 0 0 0 0 0 0 0 0 0 0 0 0 0 
1 40 0 0 0 610 0 195 0 310 0 229 174 95 43 19 0 0 0 0 0 0 0 0 0 0 0 0 0 0 0 0 0 0 0 0 0 0 0 0 0 0 0 0 0 0 0 0 0 0 0 0 0 0 0 0 0 0 0 0 0 0 0 0 0 0 0 0 0 0 0 0 0 0 0 0 0 0 0 0 0 0 0 0 0 0 0 0 0 0 0 0 0 0 0 0 0 0 0 0 0 
0 60 0 0 0 655 0 163 0 147 0 108 104 104 100 76 5 2 0 0 0 0 0 0 0 0 0 0 0 0 0 0 0 0 0 0 0 0 0 0 0 0 0 0 0 0 0 0 0 0 0 0 0 0 0 0 0 0 0 0 0 0 0 0 0 0 0 0 0 0 0 0 0 0 0 0 0 0 0 0 0 0 0 0 0 0 0 0 0 0 0 0 0 0 0 0 0 0 0 0 0 
0 61 0 0 0 674 0 188 0 115 0 106 67 80 78 106 16 36 74 6 0 1 0 0 0 0 0 0 0 0 0 0 0 0 0 0 0 0 0 0 0 0 0 0 0 0 0 0 0 0 0 0 0 0 0 0 0 0 0 0 0 0 0 0 0 0 0 0 0 0 0 0 0 0 0 0 0 0 0 0 0 0 0 0 0 0 0 0 0 0 0 0 0 0 0 0 0 0 0 0 0 
0 46 0 0 0 722 0 249 0 96 0 91 79 72 71 66 19 87 191 60 18 5 0 0 0 0 0 0 0 0 0 0 0 0 0 0 0 0 0 0 0 0 0 0 0 0 0 0 0 0 0 0 0 0 0 0 0 0 0 0 0 0 0 0 0 0 0 0 0 0 0 0 0 0 0 0 0 0 0 0 0 0 0 0 0 0 0 0 0 0 0 0 0 0 0 0 0 0 0 0 0 
0 71 0 0 0 699 0 299 0 127 0 145 96 83 55 55 18 56 133 54 31 8 0 0 0 0 0 0 0 0 0 0 0 0 0 0 0 0 0 0 0 0 0 0 0 0 0 0 0 0 0 0 0 0 0 0 0 0 0 0 0 0 0 0 0 0 0 0 0 0 0 0 0 0 0 0 0 0 0 0 0 0 0 0 0 0 0 0 0 0 0 0 0 0 0 0 0 0 0 0 0 
0 52 0 0 0 509 0 283 0 171 0 146 159 86 64 42 8 43 82 38 12 42 37 14 6 0 0 0 0 0 0 0 0 0 0 0 0 0 0 0 0 0 0 0 0 0 0 0 0 0 0 0 0 0 0 0 0 0 0 0 0 0 0 0 0 0 0 0 0 0 0 0 0 0 0 0 0 0 0 0 0 0 0 0 0 0 0 0 0 0 0 0 0 0 0 0 0 0 0 0 0 
0 56 0 0 0 405 0 294 0 176 0 143 192 121 66 49 6 35 46 10 12 45 100 55 168 96 8 0 0 0 0 0 0 0 0 0 0 0 0 0 0 0 0 0 0 0 0 0 0 0 0 0 0 0 0 0 0 0 0 0 0 0 0 0 0 0 0 0 0 0 0 0 0 0 0 0 0 0 0 0 0 0 0 0 0 0 0 0 0 0 0 0 0 0 0 0 0 0 0 0 0 
0 40 0 0 0 305 0 284 0 219 0 160 202 161 98 53 8 30 28 6 5 32 54 50 123 97 54 5 0 0 0 0 1 0 0 0 0 0 0 0 0 0 0 0 0 0 0 0 0 0 0 0 0 0 0 0 0 1 0 0 0 0 0 0 0 0 0 0 0 0 0 0 0 0 0 0 0 0 0 0 0 0 0 0 0 0 0 0 0 0 0 0 0 0 0 0 0 0 0 0 0 
0 32 0 0 0 210 0 239 0 242 0 175 196 165 98 89 21 20 28 5 4 12 36 31 82 64 213 108 1 0 0 0 0 0 0 0 0 0 0 0 0 0 0 0 0 0 0 0 0 0 0 0 0 0 0 0 0 0 0 0 0 0 0 0 0 0 0 0 0 0 0 0 0 0 0 0 0 0 0 0 0 0 0 0 0 0 0 0 0 0 0 0 0 0 0 0 0 0 0 0 0 
0 14 0 0 0 159 0 217 0 197 0 176 207 146 126 123 75 96 37 7 5 16 25 31 72 44 112 111 35 1 0 0 0 0 0 0 0 0 0 0 0 0 0 0 0 0 0 0 0 0 0 0 0 0 0 0 0 0 0 0 0 0 0 0 0 0 0 0 0 0 0 0 0 0 0 0 0 0 0 0 0 0 0 0 0 0 0 0 0 0 0 0 0 0 0 0 0 0 0 0 0 
0 10 0 0 0 97 0 184 0 172 0 154 179 149 94 113 58 174 61 14 6 12 18 20 40 34 91 57 17 10 7 6 1 0 1 0 0 0 0 0 0 0 0 0 0 0 0 0 0 0 0 0 0 0 0 0 0 0 0 0 0 0 0 0 0 0 0 0 0 0 0 0 0 0 0 0 0 0 0 0 0 0 0 0 0 0 0 0 0 0 0 0 0 0 0 0 0 0 0 0 0 
0 2 0 0 0 50 0 135 0 174 0 153 162 120 90 82 37 112 58 8 3 14 16 15 26 22 69 50 23 37 35 30 15 1 0 0 0 0 0 0 0 0 0 0 0 0 0 0 0 0 0 0 0 0 0 0 0 0 0 0 0 0 0 0 0 0 0 0 0 0 0 0 0 0 0 0 0 0 0 0 0 0 0 0 0 0 0 0 0 0 0 0 0 0 0 0 0 0 0 0 0 
0 3 0 0 0 19 0 89 0 122 0 144 144 109 88 63 32 96 70 32 15 7 18 15 26 29 56 37 12 45 42 18 13 10 1 0 0 0 0 0 1 0 0 0 0 0 0 0 0 0 0 0 0 0 0 0 0 0 0 0 0 0 0 0 0 0 0 0 0 0 0 0 0 0 0 0 0 0 0 0 0 0 0 0 0 0 0 0 0 0 0 0 0 0 0 0 0 0 0 0 0 
0 0 0 0 0 6 0 54 0 104 0 145 130 107 89 97 43 87 96 82 109 42 23 12 19 11 42 35 7 33 31 21 16 13 11 8 2 1 0 0 0 0 0 0 0 0 0 0 0 0 0 0 0 0 0 0 0 0 0 0 0 0 0 0 0 0 0 0 0 0 0 0 0 1 0 0 0 0 0 0 0 0 0 0 0 0 0 0 0 0 0 0 0 0 0 0 0 0 0 0 0 
0 0 0 0 0 2 0 37 0 91 0 131 133 100 71 77 42 138 84 45 112 78 47 101 55 13 33 25 15 44 28 25 16 20 21 11 6 0 1 0 0 0 0 0 0 0 0 0 0 0 0 0 0 0 0 0 0 1 0 0 0 0 0 0 0 0 0 0 0 0 0 0 0 0 0 0 0 0 0 0 0 0 0 0 0 0 0 0 0 0 0 0 0 0 0 0 0 0 0 0 0 
0 0 0 0 0 0 0 27 0 64 0 118 102 78 45 67 40 110 101 36 57 53 35 162 84 21 29 22 5 24 45 24 10 21 18 8 3 2 0 0 0 0 0 0 0 0 0 0 0 0 0 0 0 0 0 0 0 0 0 0 0 0 0 0 0 0 0 0 0 0 0 0 0 0 0 0 0 0 0 0 0 0 0 0 0 0 0 0 0 0 0 0 0 0 0 0 0 0 0 0 0 
0 0 0 0 0 0 0 16 0 51 0 105 117 70 44 79 36 114 125 60 43 32 26 88 97 34 27 8 14 29 37 8 11 29 19 16 4 0 0 0 0 0 1 0 0 0 0 0 0 0 1 0 0 0 0 0 0 0 0 0 0 0 0 0 0 0 0 0 0 0 0 0 0 0 0 0 0 0 0 0 0 0 0 0 0 0 0 0 0 0 0 0 0 0 0 0 0 0 0 0 0 
0 0 0 0 0 1 0 10 0 38 0 66 91 66 55 49 33 92 115 63 69 59 27 35 95 68 18 16 5 26 38 14 9 31 24 13 13 2 2 1 0 0 0 0 0 0 0 0 0 0 0 0 0 0 0 0 0 0 0 0 0 0 0 0 0 0 0 0 0 0 0 0 0 0 0 0 0 0 0 0 0 0 0 0 0 0 0 0 0 0 0 0 0 0 0 0 0 0 0 0 5 
0 0 0 0 0 0 0 10 0 20 0 49 55 57 38 52 26 78 100 47 90 66 29 30 86 56 18 11 6 14 26 12 13 19 29 16 8 1 0 0 0 0 0 0 0 0 0 0 0 0 0 0 0 0 0 0 0 0 0 0 0 0 0 0 0 0 0 0 0 0 0 0 0 0 0 0 0 0 0 0 0 0 0 0 0 0 0 0 0 0 0 0 0 0 0 0 0 0 0 0 9 
0 0 0 0 0 0 0 6 0 6 0 34 39 50 42 62 26 77 94 30 42 48 38 34 99 96 36 14 3 20 14 12 6 15 29 16 2 0 1 0 0 0 0 0 0 0 0 0 0 0 0 0 0 0 0 0 0 0 0 0 0 0 0 0 0 0 0 0 0 0 0 0 0 0 0 0 0 0 0 0 0 0 0 0 0 0 0 0 0 0 0 0 0 0 0 0 0 0 0 0 5 
0 0 0 0 0 0 0 0 0 8 0 22 24 27 38 64 30 70 70 26 21 30 33 42 156 137 60 23 14 18 22 9 12 22 19 10 8 0 0 0 1 0 0 0 0 0 0 0 0 0 0 0 0 0 0 0 0 0 0 0 0 0 0 0 0 0 0 0 0 0 0 0 0 0 0 0 0 0 0 0 0 0 0 0 0 0 0 0 0 0 0 0 0 0 0 0 0 0 0 0 6 
0 0 0 0 0 0 0 1 0 3 0 16 16 27 21 74 29 78 69 23 18 30 37 46 134 147 55 42 76 40 22 12 6 20 19 15 3 0 0 0 0 0 0 0 0 0 0 0 0 0 0 0 0 0 0 0 0 0 0 0 0 0 0 0 0 0 0 0 0 0 0 0 0 0 0 0 0 0 0 0 0 0 0 0 0 0 0 0 0 0 0 0 0 0 0 0 0 0 0 0 9 
0 0 0 0 0 0 0 0 0 0 0 2 12 13 21 40 49 68 91 29 38 27 35 38 102 94 67 47 154 108 24 12 11 16 22 13 2 1 0 0 0 0 0 0 0 0 0 0 0 0 0 0 0 0 0 0 0 0 0 0 0 0 0 0 0 0 0 0 0 0 0 0 0 0 0 0 0 0 0 0 0 0 0 0 0 0 0 0 0 0 0 0 0 0 0 0 0 0 0 0 4 
0 0 0 0 0 0 0 0 0 0 0 1 7 12 12 19 19 57 95 33 27 32 47 58 77 77 140 85 207 139 24 10 22 19 19 11 3 1 0 1 0 0 0 0 0 0 0 0 0 0 0 0 0 0 0 0 0 0 0 0 0 0 0 0 0 0 0 0 0 0 0 0 0 0 0 0 0 0 0 0 0 0 0 0 0 0 0 0 0 0 0 0 0 0 0 0 0 0 0 0 8 
0 0 0 0 0 0 0 0 0 0 0 0 6 9 13 14 18 48 98 41 43 52 44 57 41 73 191 158 179 153 37 51 80 36 15 22 7 1 0 0 1 0 0 0 0 0 0 0 0 0 0 0 0 0 0 0 0 0 0 0 0 0 0 0 0 0 0 0 0 0 0 0 0 0 0 0 0 0 0 0 0 0 0 0 0 0 0 0 0 0 0 0 0 0 0 0 0 0 0 0 6 
0 0 0 0 0 0 0 0 0 0 0 2 0 8 6 17 15 43 71 41 45 41 37 45 66 61 145 116 97 90 27 88 207 65 25 13 4 0 0 1 0 0 0 0 0 0 0 0 0 0 0 0 0 0 0 0 0 0 0 0 0 0 0 0 0 0 0 0 0 0 0 0 0 0 0 0 0 0 0 0 0 0 0 0 0 0 0 0 0 0 0 0 0 0 0 0 0 0 0 0 4 
0 0 0 0 0 0 0 0 0 0 0 0 3 5 5 9 9 39 73 29 33 48 63 52 57 53 100 100 49 47 18 88 252 91 25 15 2 1 0 0 0 0 0 0 0 0 0 0 0 0 0 0 0 0 0 0 0 0 0 0 0 0 0 0 0 0 0 0 0 0 0 0 0 0 0 0 0 0 0 0 0 0 0 0 0 0 0 0 0 0 0 0 0 0 0 0 0 0 0 0 7 
0 0 0 0 0 0 0 0 0 0 0 0 1 0 4 3 15 31 69 25 35 38 46 70 62 52 87 79 39 25 26 43 108 63 24 12 4 0 0 0 1 0 0 0 0 0 0 0 0 0 0 0 0 0 0 0 0 0 0 0 0 0 0 0 0 0 0 0 0 0 0 0 0 0 0 0 0 0 0 0 0 0 0 0 0 0 0 0 0 0 0 0 0 0 0 0 0 0 0 0 0 
0 0 0 0 0 0 0 0 0 0 0 0 1 1 4 4 7 24 68 37 45 47 51 55 58 46 50 54 30 17 13 24 75 32 13 8 0 2 1 0 0 0 0 0 0 0 0 0 0 0 0 0 0 0 0 0 0 0 0 0 0 0 0 0 0 0 0 0 0 0 0 0 0 0 0 0 0 0 0 0 0 0 0 0 0 0 0 0 0 0 0 0 0 0 0 0 0 0 0 0 1 
0 0 0 0 0 0 0 0 0 0 0 0 0 0 2 0 3 18 41 29 28 35 50 82 58 43 74 41 17 32 22 26 53 29 23 8 4 1 0 0 0 0 0 0 0 1 0 0 0 0 0 0 0 0 0 0 0 0 0 0 0 0 0 0 0 0 0 0 0 0 0 0 0 0 0 0 0 0 0 0 0 0 0 0 0 0 0 0 0 0 0 0 0 0 0 0 0 0 0 0 3 
0 0 0 0 0 0 0 0 0 0 0 0 0 0 0 0 3 14 44 20 30 41 45 75 74 49 46 46 24 19 16 22 26 16 21 11 7 0 0 0 0 0 0 0 0 0 0 0 0 0 0 0 0 0 0 0 0 0 0 0 0 0 0 0 0 0 0 0 0 0 0 0 0 0 0 0 0 0 0 0 0 0 0 0 0 0 0 0 0 0 0 0 0 0 0 0 0 0 0 0 3 
0 0 0 0 0 0 0 0 0 0 0 0 0 0 0 1 8 8 20 18 16 39 43 61 72 44 54 55 24 22 20 32 20 22 12 5 4 2 0 0 0 1 1 0 1 0 0 0 0 0 0 0 0 0 0 0 0 0 0 0 0 0 0 0 0 0 0 0 0 0 0 0 0 0 0 0 0 0 0 0 0 0 0 0 0 0 0 0 0 0 0 0 0 0 0 0 0 0 0 0 7 
0 0 0 0 0 0 0 0 0 0 0 0 1 0 0 3 1 11 20 16 28 31 54 69 75 52 72 81 33 29 20 24 18 17 8 2 2 2 0 0 0 0 1 0 0 0 0 0 0 0 0 0 0 0 0 0 0 0 0 0 0 0 0 0 0 0 0 0 0 0 0 0 0 0 0 0 0 0 0 0 0 0 0 0 0 0 0 0 0 0 0 0 0 0 0 0 0 0 0 0 4 
0 0 0 0 0 0 0 0 0 0 0 0 0 0 0 0 1 8 13 17 21 33 32 71 59 52 77 63 31 23 20 34 27 8 11 5 3 3 2 0 0 0 0 0 0 0 0 0 0 0 0 0 0 0 0 0 0 0 0 0 0 0 0 0 0 0 0 0 0 0 0 0 0 0 0 0 0 0 0 0 0 0 0 0 0 0 0 0 0 0 0 0 0 0 0 0 0 0 0 0 1 
0 0 0 0 0 0 0 0 0 0 0 0 0 1 0 0 1 5 8 12 17 24 21 64 69 66 54 47 34 27 28 19 23 21 13 8 3 1 0 0 0 0 1 0 0 1 0 0 0 0 0 0 0 0 0 0 0 0 0 0 0 0 0 0 0 0 0 0 0 0 0 0 0 0 0 0 0 0 0 0 0 0 0 0 0 0 0 0 0 0 0 0 0 0 0 0 0 0 0 0 5 
0 0 0 0 0 0 0 0 0 0 0 0 0 0 0 0 0 2 4 3 12 26 22 39 52 55 57 64 39 29 36 22 20 15 9 8 3 0 0 1 1 2 0 0 1 1 2 0 0 0 0 0 0 0 0 0 0 0 0 0 0 0 0 0 0 0 0 0 0 0 0 0 0 0 0 0 0 0 0 0 0 0 0 0 0 0 0 0 0 0 0 0 0 0 0 0 0 0 0 0 3 
0 0 0 0 0 0 0 0 0 0 0 0 0 0 0 0 0 1 2 4 14 38 19 23 45 50 57 68 59 39 42 17 11 10 13 5 4 2 2 2 1 0 1 0 1 0 1 0 0 0 0 0 0 0 0 0 0 0 0 0 0 0 0 0 0 0 0 0 0 0 0 0 0 0 0 0 0 0 0 0 0 0 0 0 0 0 0 0 0 0 0 0 0 0 0 0 0 0 0 0 3 
0 0 0 0 0 0 0 0 0 0 0 0 0 0 0 0 0 1 6 5 11 21 20 24 42 49 47 71 55 53 36 30 15 17 15 10 3 4 3 1 1 1 3 0 1 2 1 0 0 0 0 0 0 0 0 0 0 0 0 0 0 0 0 0 0 0 0 0 0 0 0 0 0 0 0 0 0 0 0 0 0 0 0 0 0 0 0 0 0 0 0 0 0 0 0 0 0 0 0 0 2 
0 0 0 0 0 0 0 0 0 0 0 0 0 0 0 0 0 0 1 1 14 28 15 30 54 37 62 64 48 45 51 33 20 21 13 11 3 0 0 3 4 0 0 0 0 4 0 1 0 0 0 0 0 0 0 0 0 0 0 0 0 0 0 0 0 0 0 0 0 0 0 0 0 0 0 0 0 0 0 0 0 0 0 0 0 0 0 0 0 0 0 0 0 0 0 0 0 0 0 0 4 
0 0 0 0 0 0 0 0 0 0 0 0 0 0 0 0 0 0 1 5 14 21 16 26 28 42 61 51 40 50 54 45 20 17 19 11 12 4 3 3 0 2 1 0 4 0 2 1 0 0 0 0 0 0 0 0 0 0 0 0 0 0 0 0 0 0 0 0 0 0 0 0 0 0 0 0 0 0 0 0 0 0 0 0 0 0 0 0 0 0 0 0 0 0 0 0 0 0 0 0 2 
0 0 0 0 0 0 0 0 0 0 0 0 0 0 0 0 0 0 0 2 6 19 9 25 32 41 52 53 47 60 57 41 37 14 10 12 4 7 3 5 1 5 3 1 1 1 0 1 0 1 0 0 0 1 0 0 0 0 0 0 0 0 0 0 0 0 0 0 0 0 0 0 0 0 0 0 0 0 0 0 0 0 0 0 0 0 0 0 0 0 0 0 0 0 0 0 0 0 0 0 4 
0 0 0 0 0 0 0 0 0 0 0 0 0 0 0 0 0 0 0 1 13 18 15 14 27 33 35 40 51 64 75 57 36 21 23 8 2 4 8 4 3 4 2 0 2 0 2 0 0 0 0 0 0 0 0 0 0 0 0 0 0 0 0 0 0 0 0 0 0 0 0 0 0 0 0 0 0 0 0 0 0 0 0 0 0 0 0 0 0 0 0 0 0 0 0 0 0 0 0 0 3 
0 0 0 0 0 0 0 0 0 0 0 0 0 0 0 0 0 0 0 0 6 17 21 12 25 36 55 47 48 49 66 84 44 29 19 10 7 4 5 7 11 2 3 8 1 2 0 0 1 1 2 0 1 0 0 0 0 0 1 0 0 0 0 0 0 0 0 0 0 0 0 0 0 0 0 0 0 0 0 0 0 0 0 0 0 0 0 0 0 0 0 0 0 0 0 0 0 0 0 0 1 
0 0 0 0 0 0 0 0 0 0 0 0 0 0 0 0 0 0 1 0 7 19 23 9 23 28 36 40 58 70 48 73 62 33 21 11 14 15 7 3 3 9 3 6 2 1 2 0 3 2 0 1 2 0 0 1 0 0 0 0 0 0 0 0 0 0 0 0 0 0 0 0 0 0 0 0 0 0 0 0 0 0 0 0 0 0 0 0 0 0 0 0 0 0 0 0 0 0 0 0 2 
0 0 0 0 0 0 0 0 0 0 0 0 0 0 0 0 0 0 0 2 3 19 14 15 23 29 30 39 39 52 53 56 54 44 25 28 17 17 15 8 9 3 2 3 2 4 3 1 5 0 0 0 0 1 0 1 0 0 0 0 0 0 0 0 0 0 0 0 0 0 0 0 0 0 0 0 0 0 0 0 0 0 0 0 0 0 0 0 0 0 0 0 0 0 0 0 0 0 0 0 4 
0 0 0 0 0 0 0 0 0 0 0 0 0 0 0 0 0 0 0 0 3 17 19 10 19 21 34 42 56 47 45 48 45 39 27 23 13 9 15 5 3 8 2 0 6 2 5 1 0 0 0 1 1 0 2 1 0 0 0 0 0 0 0 0 0 0 0 0 0 0 0 0 0 0 0 0 0 0 0 0 0 0 0 0 0 0 0 0 0 0 0 0 0 0 0 0 0 0 0 0 4 
0 0 0 0 0 0 0 0 0 0 0 0 0 0 0 0 0 0 0 0 2 9 13 16 21 33 32 23 35 49 35 51 33 39 34 34 22 15 11 6 8 11 4 4 2 3 3 3 3 1 3 3 0 0 0 0 0 0 0 0 0 0 0 0 0 0 0 0 0 0 0 0 0 0 0 0 0 0 0 0 0 0 0 0 0 0 0 0 0 0 0 0 0 0 0 0 0 0 0 0 4 
0 0 0 0 0 0 0 0 0 0 0 0 0 0 0 0 0 0 0 1 4 17 11 19 20 33 26 33 27 41 49 35 44 28 31 23 23 17 15 9 6 6 1 4 7 3 4 0 3 3 3 0 0 0 2 0 0 0 0 0 0 0 0 0 0 0 0 0 0 0 0 0 0 0 0 0 0 0 0 0 0 0 0 0 0 0 0 0 0 0 0 0 0 0 0 0 0 0 0 0 3 
0 0 0 0 0 0 0 0 0 0 0 0 0 0 0 0 0 0 0 0 1 10 8 13 17 34 41 33 33 27 41 44 47 43 33 30 34 26 26 14 9 5 3 6 5 5 3 3 3 0 0 2 0 1 0 0 0 1 0 0 0 0 0 0 0 0 0 0 0 0 0 0 0 0 0 0 0 0 0 0 0 0 0 0 0 0 0 0 0 0 0 0 0 0 0 0 0 0 0 0 4 
0 0 0 0 0 0 0 0 0 0 0 0 0 0 0 0 0 0 0 0 1 10 12 16 17 17 58 33 30 44 38 51 46 46 36 28 21 15 21 22 9 7 7 6 6 5 2 4 1 3 5 1 2 0 0 1 0 0 0 0 0 0 0 0 0 0 0 0 0 0 0 0 0 0 0 0 0 0 0 0 0 0 0 0 0 0 0 0 0 0 0 0 0 0 0 0 0 0 0 0 2 
0 0 0 0 0 0 0 0 0 0 0 0 0 0 0 0 0 0 0 1 4 10 13 9 11 17 36 29 28 34 36 41 45 35 32 33 25 21 23 23 18 10 7 7 2 6 5 3 5 4 2 0 1 1 0 0 0 0 0 0 0 0 0 0 0 0 0 0 0 0 0 0 0 0 0 0 0 0 0 0 0 0 0 0 0 0 0 0 0 0 0 0 0 0 0 0 0 0 0 0 4 
0 0 0 0 0 0 0 0 0 0 0 0 0 0 0 0 0 0 0 1 2 5 9 12 12 19 34 30 29 30 37 45 39 38 31 31 30 28 25 23 18 8 7 6 8 7 5 1 5 1 1 1 1 1 1 1 1 1 0 1 0 0 0 1 0 0 0 0 0 0 0 0 0 0 0 0 0 0 0 0 0 0 0 0 0 0 0 0 0 0 0 0 0 0 0 0 0 0 0 0 0 
0 0 0 0 0 0 0 0 0 0 0 0 0 0 0 0 0 0 0 0 1 10 6 3 17 15 33 22 36 40 42 51 23 38 41 28 24 14 13 21 12 12 12 5 3 4 6 15 6 8 7 2 0 5 0 0 1 0 1 0 0 0 0 0 0 0 0 0 0 0 0 0 0 0 0 0 0 0 0 0 0 0 0 0 0 0 0 0 0 0 0 0 0 0 0 0 0 0 0 0 2 
0 0 0 0 0 0 0 0 0 0 0 0 0 0 0 0 0 0 0 0 1 14 8 8 3 19 31 21 34 47 36 30 36 35 30 23 20 17 19 16 15 17 7 10 7 7 2 5 10 7 3 4 1 3 2 1 1 2 0 0 0 0 1 0 1 0 1 0 0 0 0 0 1 0 0 0 0 0 0 0 0 0 0 0 0 0 0 0 0 0 0 0 0 0 0 0 0 0 0 0 3 
0 0 0 0 0 0 0 0 0 0 0 0 0 0 0 0 0 0 0 0 1 7 4 8 18 12 15 26 23 32 42 30 32 36 35 15 17 13 6 9 8 17 10 8 6 2 4 8 8 3 6 3 4 4 1 2 0 1 0 0 0 0 0 0 0 0 0 0 0 0 0 0 0 0 0 0 0 0 0 0 0 0 0 0 0 0 0 0 0 0 0 0 0 0 0 0 0 0 0 0 2 
0 0 0 0 0 0 0 0 0 0 0 0 0 0 0 0 0 0 0 0 0 2 6 9 12 10 21 20 31 37 31 33 14 17 22 16 14 6 13 7 7 10 7 7 4 5 1 6 11 13 11 1 5 3 2 1 0 1 0 0 1 0 0 0 1 1 0 0 0 0 0 0 0 0 0 0 0 0 0 0 0 0 0 0 0 0 0 0 0 0 0 0 0 0 0 0 0 0 0 0 3 
0 0 0 0 0 0 0 0 0 0 0 0 0 0 0 0 0 0 0 0 0 3 1 6 9 8 22 27 31 33 34 19 23 30 21 16 12 10 9 11 9 8 14 7 10 6 7 5 7 10 7 4 2 2 2 4 1 2 2 0 0 0 0 0 0 0 0 0 0 0 0 0 0 0 0 0 0 0 0 0 0 0 0 0 0 0 0 0 0 0 0 0 1 0 0 0 0 0 0 0 3 
0 0 0 0 0 0 0 0 0 0 0 0 0 0 0 0 0 0 0 0 1 5 4 3 10 7 20 13 35 28 29 29 32 29 20 8 14 10 11 7 9 8 5 7 5 3 6 2 9 11 11 3 4 2 5 5 4 0 2 0 0 1 0 0 0 0 0 0 0 0 0 0 0 0 0 0 0 0 0 0 0 0 0 0 0 0 0 0 0 0 1 0 0 0 0 0 0 0 0 0 3 
0 0 0 0 0 0 0 0 0 0 0 0 0 0 0 0 0 0 0 0 2 1 2 2 3 7 7 18 21 29 25 29 34 29 19 11 6 7 7 9 5 6 7 8 7 2 2 9 6 5 8 8 4 5 5 3 2 1 1 2 1 1 1 0 1 0 0 0 0 0 0 0 0 0 0 0 0 0 0 0 0 0 1 0 0 0 0 0 0 0 0 1 0 0 0 0 0 0 0 0 6 
0 0 0 0 0 0 0 0 0 0 0 0 0 0 0 0 0 0 0 1 1 4 1 2 8 4 13 21 20 39 22 25 22 25 5 5 7 6 4 5 11 7 4 3 2 4 2 8 7 5 12 8 6 6 4 3 4 1 1 3 3 1 1 0 0 0 0 0 1 0 0 0 0 0 0 0 0 0 0 0 0 0 0 0 0 0 0 0 0 0 0 0 0 0 0 0 0 0 0 0 2 
0 0 0 0 0 0 0 0 0 0 0 0 0 0 0 0 0 0 0 0 1 1 2 2 5 3 11 22 23 19 32 24 18 23 5 12 6 8 8 6 5 4 6 5 6 1 3 3 6 5 3 7 7 8 8 3 8 1 2 0 1 0 0 2 0 1 0 0 0 0 0 0 0 0 0 0 0 0 0 0 0 0 0 0 0 0 1 0 0 0 0 0 0 0 0 0 0 0 0 0 2 
0 0 0 0 0 0 0 0 0 0 0 0 0 0 0 0 0 0 0 0 2 2 2 1 4 1 9 15 25 27 27 29 28 21 9 11 11 2 5 5 3 4 4 5 5 2 5 2 7 9 8 3 7 6 9 7 5 2 3 3 1 1 2 1 0 0 1 2 0 0 0 0 0 0 0 0 1 0 0 0 0 0 0 0 0 0 0 0 0 0 0 0 0 0 0 0 0 0 0 0 0 
0 0 0 0 0 0 0 0 0 0 0 0 0 0 0 0 0 0 0 0 0 1 1 0 3 3 8 19 20 31 33 24 23 11 16 6 7 8 3 9 4 5 5 5 4 5 4 3 5 7 8 4 4 7 1 10 5 4 2 2 3 2 5 0 1 1 0 0 0 1 1 1 0 2 1 0 0 0 0 0 0 0 0 0 0 0 0 0 0 0 0 0 0 0 0 0 0 0 1 0 2 
0 0 0 0 0 0 0 0 0 0 0 0 0 0 0 0 0 0 0 0 1 3 4 0 2 0 8 10 14 23 17 15 14 23 13 13 6 6 4 6 11 4 6 4 8 8 9 7 1 9 8 3 9 6 10 5 6 5 4 5 5 4 0 0 1 3 1 0 1 0 1 0 0 0 1 0 1 1 0 0 1 0 0 0 0 0 0 1 0 0 0 0 1 0 0 0 0 0 0 0 1 
0 0 0 0 0 0 0 0 0 0 0 0 0 0 0 0 0 0 0 0 0 1 1 0 1 4 7 7 11 26 15 15 17 22 17 5 8 5 3 5 7 4 4 11 6 10 8 7 5 4 5 4 5 1 7 7 7 6 11 11 5 3 5 5 1 1 2 0 1 1 0 1 2 0 1 0 0 0 0 0 0 0 1 0 0 0 0 0 0 0 0 0 0 0 0 0 0 0 0 0 2 
0 0 0 0 0 0 0 0 0 0 0 0 0 0 0 0 0 0 0 0 1 1 0 0 1 3 4 8 20 15 16 22 9 15 20 6 8 9 5 8 8 5 9 10 2 5 10 12 8 2 3 6 6 3 7 6 4 3 12 19 6 5 3 4 3 1 0 1 1 2 1 0 1 1 0 0 0 0 0 0 0 0 0 0 0 0 0 0 0 0 0 0 0 1 0 0 0 0 0 0 0 
0 0 0 0 0 0 0 0 0 0 0 0 0 0 0 0 0 0 0 0 1 1 0 0 1 2 6 6 13 20 13 15 11 12 12 12 11 7 5 6 6 5 6 7 8 7 8 8 3 6 15 5 9 9 4 6 13 17 12 9 8 8 4 6 3 8 1 1 0 2 1 1 0 0 0 0 0 0 0 0 0 0 0 0 1 0 0 0 0 0 0 0 0 0 0 0 0 0 0 0 6 
0 0 0 0 0 0 0 0 0 0 0 0 0 0 0 0 0 0 0 0 0 1 0 0 1 0 3 10 13 17 18 20 11 13 13 12 11 7 10 2 2 4 3 5 1 9 5 14 12 5 6 11 6 3 2 14 6 9 13 19 14 9 7 5 6 5 1 1 1 0 0 2 1 1 0 0 2 1 0 0 1 0 0 0 0 0 0 0 0 0 0 0 0 1 0 0 0 0 0 0 1 
0 0 0 0 0 0 0 0 0 0 0 0 0 0 0 0 0 0 0 0 0 2 2 0 0 2 3 4 14 20 11 15 15 20 12 7 3 3 8 1 6 5 3 4 7 8 10 5 7 12 14 7 4 6 2 8 8 10 8 16 11 6 6 6 4 8 4 2 0 2 4 1 1 0 0 0 0 0 0 0 0 0 1 1 0 0 1 1 0 0 0 0 0 2 0 0 0 0 0 0 0 
0 0 0 0 0 0 0 0 0 0 0 0 0 0 0 0 0 0 0 0 2 0 0 1 0 2 1 7 19 21 15 8 11 9 13 11 10 11 2 5 3 6 3 3 5 3 11 11 8 10 8 8 5 5 6 6 14 10 8 8 10 16 8 9 8 11 7 2 1 3 0 1 0 1 1 0 0 0 0 0 3 0 0 0 0 0 0 1 0 1 0 0 0 0 0 0 0 0 0 0 0 
0 0 0 0 0 0 0 0 0 0 0 0 0 0 0 0 0 0 0 0 0 1 0 0 2 2 6 9 10 16 17 8 5 10 11 9 9 7 9 2 4 10 2 3 0 5 5 3 9 5 11 1 14 3 6 3 7 7 7 13 13 13 8 14 16 9 2 3 2 2 2 2 0 0 0 2 0 0 1 1 0 1 1 0 0 1 0 0 0 1 1 1 0 0 0 0 0 0 1 0 0 
0 0 0 0 0 0 0 0 0 0 0 0 0 0 0 0 0 0 0 0 0 1 0 0 0 2 3 7 15 19 17 9 8 13 14 16 13 7 4 5 4 9 5 5 4 8 4 1 7 7 5 9 6 6 4 4 6 13 7 15 12 11 15 11 7 14 2 4 6 1 3 3 0 1 2 1 3 1 0 0 1 0 1 0 1 0 0 1 1 1 0 0 0 0 0 0 0 0 0 1 2 
0 0 0 0 0 0 0 0 0 0 0 0 0 0 0 0 0 0 0 0 0 1 0 0 1 4 3 8 9 21 9 6 6 12 10 10 7 6 9 6 4 8 7 3 4 5 10 8 7 6 9 6 10 6 4 3 8 12 12 8 5 12 13 10 17 12 16 2 4 1 4 5 3 2 1 3 0 1 0 0 0 0 0 0 1 0 0 0 1 0 0 0 1 0 0 1 0 0 0 0 2 
0 0 0 0 0 0 0 0 0 0 0 0 0 0 0 0 0 0 0 0 0 0 0 1 0 1 2 2 10 13 10 11 14 10 8 7 10 6 7 6 7 3 5 6 4 4 3 6 5 6 5 6 1 6 3 4 6 11 10 11 14 13 18 13 14 16 7 4 3 3 2 2 2 3 1 1 1 0 0 0 1 0 0 1 1 0 0 1 0 0 1 0 0 0 0 0 0 0 0 0 0 
0 0 0 0 0 0 0 0 0 0 0 0 0 0 0 0 0 0 0 0 0 0 0 0 1 2 3 1 9 18 11 6 11 13 5 4 8 9 5 5 2 7 3 5 5 6 2 7 5 2 4 6 5 5 11 4 8 10 10 7 4 14 14 16 14 9 11 8 4 4 1 1 4 0 2 1 0 0 1 0 0 1 0 0 1 2 1 0 0 0 0 1 1 0 1 0 1 0 0 0 0 
0 0 0 0 0 0 0 0 0 0 0 0 0 0 0 0 0 0 0 0 0 0 0 0 2 4 2 1 6 4 6 5 6 9 8 4 9 8 5 3 5 9 7 5 0 11 3 6 1 7 12 5 3 6 1 3 7 12 8 7 6 16 14 14 17 18 12 4 5 2 1 4 3 0 3 0 0 1 1 1 0 0 0 0 1 0 0 0 0 2 0 0 1 0 0 0 0 0 0 0 1 
0 0 0 0 0 0 0 0 0 0 0 0 0 0 0 0 0 0 0 0 0 0 0 0 0 1 1 6 10 6 10 10 10 6 7 8 7 8 8 12 10 3 17 5 7 10 7 3 8 5 4 6 5 4 7 8 4 10 6 6 14 16 16 17 17 10 8 11 4 2 2 1 2 4 0 1 1 1 2 0 3 0 0 0 1 0 0 0 1 1 0 0 0 0 0 0 0 0 0 0 1 
0 0 0 0 0 0 0 0 0 0 0 0 0 0 0 0 0 0 0 0 1 0 0 0 1 0 1 1 2 3 10 8 5 10 3 7 7 4 6 12 9 3 5 8 3 3 5 3 4 6 7 5 4 4 4 9 6 5 5 6 9 16 11 18 13 16 15 8 4 5 5 3 5 1 3 0 1 2 2 0 0 1 2 2 0 1 0 1 0 2 0 1 0 0 0 0 0 0 0 0 1 
0 0 0 0 0 0 0 0 0 0 0 0 0 0 0 0 0 0 0 0 0 1 0 0 2 1 1 2 9 9 10 7 8 2 5 3 7 5 6 3 8 6 7 3 8 6 3 7 5 5 5 4 3 7 1 9 4 6 8 5 7 9 13 15 20 17 16 10 12 11 7 3 1 3 1 2 1 1 1 1 1 0 0 0 0 1 0 1 0 2 0 0 1 1 1 0 0 0 0 1 3 
0 0 0 0 0 0 0 0 0 0 0 0 0 0 0 0 0 0 0 0 1 0 0 0 1 2 4 3 4 6 7 4 7 2 2 4 5 10 7 8 7 5 7 6 8 6 5 9 4 4 9 4 4 2 6 8 1 3 7 8 4 12 14 12 15 19 19 14 6 10 2 2 3 3 4 6 4 1 1 1 1 0 0 1 1 1 1 0 2 0 1 0 0 0 0 0 0 0 0 0 1 
0 0 0 0 0 0 0 0 0 0 0 0 0 0 0 0 0 0 0 0 0 0 0 0 1 0 1 4 3 7 6 7 3 7 2 5 8 1 4 7 14 8 5 10 3 1 5 5 8 5 0 7 7 1 3 4 4 2 5 3 7 4 7 11 18 27 22 13 13 12 6 5 4 3 5 3 2 3 0 3 2 0 4 0 0 2 0 1 2 2 0 3 1 0 0 0 0 0 0 0 0 
0 0 0 0 0 0 0 0 0 0 0 0 0 0 0 0 0 0 0 0 0 0 0 0 1 1 0 0 3 3 12 8 4 8 5 5 1 0 5 7 5 4 5 5 12 0 7 9 1 3 2 3 2 2 5 3 7 4 7 6 9 12 10 14 12 21 20 11 5 8 6 4 1 3 3 8 4 4 0 1 0 0 2 0 1 0 1 0 1 2 0 1 2 1 0 0 0 0 0 0 1 
0 0 0 0 0 0 0 0 0 0 0 0 0 0 0 0 0 0 0 0 0 0 0 0 2 2 4 2 0 6 4 6 2 3 3 3 11 5 7 4 10 6 7 4 6 5 4 3 5 2 4 5 2 2 6 3 3 3 7 6 5 6 11 12 15 23 18 17 7 16 8 6 6 3 5 1 1 3 2 2 1 0 1 1 0 4 0 1 0 4 0 0 1 0 0 1 0 0 0 0 0 
0 0 0 0 0 0 0 0 0 0 0 0 0 0 0 0 0 0 0 0 0 0 0 0 0 1 0 0 1 8 8 7 4 7 7 5 8 7 2 5 4 4 5 2 5 6 7 7 6 3 5 5 5 4 4 2 8 4 5 4 9 9 8 11 13 10 13 12 12 11 9 11 6 2 9 7 4 1 2 0 4 2 3 2 2 1 0 3 1 1 1 2 2 0 0 0 1 0 0 1 0 
0 0 0 0 0 0 0 0 0 0 0 0 0 0 0 0 0 0 0 0 0 0 0 0 1 2 3 0 1 3 8 4 3 6 1 3 4 6 3 5 2 2 9 4 1 4 9 6 5 9 6 4 4 3 6 6 5 7 2 5 6 5 7 10 10 18 14 19 16 9 12 9 4 6 5 7 5 3 2 2 0 2 1 2 1 0 1 2 3 0 1 2 1 1 1 0 1 0 0 0 2 
0 0 0 0 0 0 0 0 0 0 0 0 0 0 0 0 0 0 0 0 0 0 0 0 1 1 0 1 4 7 8 9 6 4 7 5 2 1 5 6 3 4 4 3 2 11 6 5 7 2 7 5 2 5 4 5 8 4 8 5 5 4 4 9 7 15 9 9 16 5 6 13 4 5 5 11 7 5 1 2 3 4 3 2 2 0 3 1 0 3 1 1 1 0 1 0 0 0 0 0 1 
0 0 0 0 0 0 0 0 0 0 0 0 0 0 0 0 0 0 0 0 0 0 0 0 0 2 0 1 3 4 6 7 3 5 3 4 5 3 7 1 6 3 1 5 4 9 4 5 7 5 3 6 4 3 8 6 8 6 4 3 3 7 3 5 6 9 13 11 9 6 11 3 10 11 8 10 6 3 2 2 1 2 4 2 2 2 1 2 1 2 1 1 2 1 0 1 3 0 0 0 2 
0 0 0 0 0 0 0 0 0 0 0 0 0 0 0 0 0 0 0 0 0 0 0 0 0 0 1 3 6 7 4 5 4 7 3 2 3 3 5 6 6 3 5 3 3 6 3 10 5 2 3 4 4 7 1 6 6 4 4 7 3 4 6 6 4 10 9 9 6 7 11 4 5 7 17 13 12 4 3 3 1 0 2 2 1 0 1 1 3 2 2 2 0 1 1 1 0 0 0 2 0 
0 0 0 0 0 0 0 0 0 0 0 0 0 0 0 0 0 0 0 0 0 0 0 0 0 0 1 4 1 5 4 3 6 2 4 6 1 0 1 2 5 3 2 2 3 0 3 6 5 6 4 3 3 4 4 5 4 1 4 7 3 3 3 2 12 6 10 7 2 10 3 5 9 4 14 12 12 5 9 6 1 1 2 0 0 2 0 1 1 4 2 2 0 0 0 1 2 1 0 1 2 
0 0 0 0 0 0 0 0 0 0 0 0 0 0 0 0 0 0 0 0 0 0 0 0 0 1 0 1 2 4 6 5 4 3 3 2 2 0 2 2 8 5 1 6 2 4 4 3 3 1 3 3 5 9 4 1 1 2 3 4 3 2 3 4 5 4 5 4 5 5 4 6 7 11 13 8 12 15 4 4 8 3 2 2 2 2 2 2 3 0 1 3 0 0 1 0 0 0 1 0 1 
0 0 0 0 0 0 0 0 0 0 0 0 0 0 0 0 0 0 0 0 0 0 0 0 0 1 0 1 2 5 2 4 2 5 4 1 3 1 1 5 6 2 4 5 9 5 3 4 2 3 4 3 5 5 7 3 1 1 2 4 3 0 2 3 1 4 4 3 3 2 2 3 8 10 18 11 15 14 6 3 9 6 4 3 2 1 4 1 1 3 4 0 1 3 0 2 1 0 0 0 2 
0 0 0 0 0 0 0 0 0 0 0 0 0 0 0 0 0 0 0 0 0 0 0 0 0 0 1 1 2 5 2 5 1 4 2 3 3 1 4 4 6 3 4 2 3 3 1 2 4 3 2 3 3 3 4 3 7 1 3 2 5 5 2 2 1 1 2 4 2 2 5 2 2 8 19 13 12 15 10 9 6 5 3 4 6 4 1 1 2 0 6 2 1 1 6 4 0 1 1 1 3 
0 0 0 0 0 0 0 0 0 0 0 0 0 0 0 0 0 0 0 0 0 0 0 0 0 1 0 2 5 3 4 0 6 3 1 2 2 1 4 2 3 4 2 2 1 5 3 1 1 4 6 1 3 5 2 2 5 3 2 5 5 4 2 1 2 2 3 3 3 5 0 3 3 7 12 11 15 18 11 10 11 5 9 3 3 4 2 2 5 4 3 3 1 5 1 3 1 1 1 1 9 
0 0 0 0 0 0 0 0 0 0 0 0 0 0 0 0 0 0 0 0 0 0 0 0 0 0 0 1 4 2 3 3 3 3 3 3 0 2 3 6 4 1 2 4 7 3 2 3 0 4 5 3 2 3 3 4 0 3 4 3 3 2 4 3 1 2 1 1 1 4 2 0 6 4 8 17 10 14 9 10 11 11 5 3 2 0 1 2 1 1 0 0 2 1 1 2 2 1 1 0 7 
0 0 0 0 0 0 0 0 0 0 0 0 0 0 0 0 0 0 0 0 0 0 0 0 0 0 1 3 1 2 1 1 2 1 4 2 0 3 5 4 4 4 3 7 5 4 4 7 1 0 2 4 3 1 1 2 3 3 3 7 5 1 4 3 3 4 1 0 1 2 2 4 5 5 9 18 17 19 25 14 18 10 9 7 3 3 5 3 4 0 3 3 3 1 6 2 2 2 1 1 6 
0 0 0 0 0 0 0 0 0 0 0 0 0 0 0 0 0 0 0 0 0 0 0 0 0 0 1 1 4 3 2 2 1 0 1 1 3 1 3 3 2 4 2 3 2 3 5 2 3 1 2 1 2 5 2 0 3 4 3 0 3 2 7 1 2 0 1 1 4 4 2 1 2 5 11 11 12 17 11 12 14 11 10 6 7 7 1 2 5 0 3 0 1 1 2 2 3 4 0 2 13 
0 0 0 0 0 0 0 0 0 0 0 0 0 0 0 0 0 0 0 0 0 0 0 0 0 1 0 2 2 3 3 1 6 2 0 1 3 0 4 3 5 4 1 1 3 0 3 1 5 1 4 5 6 2 1 1 2 3 2 3 3 5 5 2 3 4 3 1 3 0 1 1 4 3 6 9 14 11 17 10 11 19 12 20 7 8 5 4 4 4 5 2 1 1 2 0 2 2 1 0 13 
0 0 0 0 0 0 0 0 0 0 0 0 0 0 0 0 0 0 0 0 0 0 0 0 0 0 0 1 3 2 0 2 2 0 2 1 0 1 3 0 2 1 0 1 3 1 1 3 3 2 1 0 2 1 5 3 3 1 2 3 2 2 3 1 5 5 1 2 2 2 0 1 4 2 5 10 6 13 9 17 16 13 12 13 9 4 11 1 4 3 3 1 1 3 3 0 1 2 2 2 10 
0 0 0 0 0 0 0 0 0 0 0 0 0 0 0 0 0 0 0 0 0 0 0 0 0 1 1 18 60 50 35 26 37 47 18 7 10 7 8 11 15 10 16 31 20 26 21 24 19 26 17 17 27 28 27 32 28 23 25 42 27 22 31 26 18 28 33 29 32 25 42 27 36 43 33 46 59 85 88 78 101 85 107 94 91 86 77 78 92 68 66 59 35 38 54 37 42 38 36 35 370 
