4239 1046 818 365 163 52 31 9 2 0 5 1 2 1 2 2 1 1 0 0 0 1 0 0 3 0 0 0 0 0 0 1 0 0 0 0 0 0 0 0 0 0 0 0 0 0 0 0 0 0 0 0 0 0 0 0 0 0 0 0 0 0 0 0 0 0 0 0 0 0 0 0 0 0 0 0 0 0 0 0 0 0 0 0 0 0 0 0 0 0 0 0 0 0 0 0 0 0 0 0 0 
22 127 395 475 299 188 69 33 9 6 1 2 1 1 0 0 0 1 0 1 0 0 0 0 0 0 0 0 0 0 0 0 0 0 0 0 0 0 0 0 0 0 0 0 0 0 0 0 0 0 0 0 0 0 0 0 0 0 0 0 0 0 0 0 0 0 0 0 0 0 0 0 0 0 0 0 0 0 0 0 0 0 0 0 0 0 0 0 0 0 0 0 0 0 0 0 0 0 0 0 0 
1 23 101 378 472 421 284 135 78 36 9 7 3 2 1 2 0 0 2 0 0 0 2 0 0 0 1 0 1 0 0 0 0 0 0 0 0 0 0 0 0 0 0 0 0 0 0 0 0 0 0 0 0 0 0 0 0 0 0 0 0 0 0 0 0 0 0 0 0 0 0 0 0 0 0 0 0 0 0 0 0 0 0 0 0 0 0 0 0 0 0 0 0 0 0 0 0 0 0 0 0 
0 2 18 83 410 509 461 329 206 139 72 18 7 6 5 4 2 0 3 0 1 1 1 0 0 0 0 2 1 0 1 0 0 0 0 0 0 0 0 1 0 0 0 0 1 0 0 0 0 0 0 0 0 0 0 0 0 0 1 0 0 0 0 0 0 0 0 0 0 0 0 0 0 0 0 0 0 0 0 0 0 0 0 0 0 0 0 0 0 0 0 0 0 0 0 0 0 0 0 0 0 
0 0 5 14 122 350 475 469 405 278 187 103 73 32 8 3 4 1 2 2 1 0 0 1 0 0 0 0 1 0 1 0 1 0 0 0 0 1 1 0 2 0 1 0 0 0 0 0 0 0 1 0 0 0 0 0 0 0 0 0 0 0 0 0 0 0 0 0 0 0 0 0 0 0 0 0 0 0 0 0 0 0 0 0 0 0 0 0 0 0 0 0 0 0 0 0 0 0 0 0 0 
0 0 2 4 31 120 226 415 439 379 367 239 177 149 60 28 6 3 6 6 1 1 1 0 0 1 1 0 0 0 0 0 0 0 0 0 0 0 0 0 0 2 0 0 0 1 0 0 0 0 0 0 0 0 0 0 0 0 0 0 0 0 0 0 0 0 0 0 0 0 0 0 0 0 0 0 0 1 0 0 0 0 0 0 0 0 0 0 0 0 0 0 0 0 0 0 0 0 0 0 0 
0 0 0 1 14 32 92 210 408 358 374 294 241 209 114 77 50 25 11 6 1 5 1 1 3 1 0 2 0 0 0 3 0 1 0 0 0 0 1 1 0 0 0 1 0 0 0 0 1 0 1 0 0 0 0 0 0 0 0 0 0 0 1 0 0 0 0 0 0 0 0 1 0 0 0 0 0 0 0 0 0 0 0 0 0 0 0 0 0 0 0 0 0 0 0 0 0 0 0 0 0 
1 0 0 0 4 9 35 105 359 347 273 313 293 199 134 117 124 94 44 32 9 4 8 2 0 1 4 1 1 1 0 0 0 1 0 0 0 0 0 1 0 1 1 0 0 0 0 0 1 0 0 0 0 0 1 0 0 0 0 0 0 0 0 0 0 0 0 0 0 0 0 0 0 0 0 0 1 0 0 0 0 0 0 0 0 0 0 2 1 0 0 0 0 0 0 0 0 0 0 0 0 
0 0 0 0 0 3 22 38 114 224 363 306 256 293 234 159 148 133 84 78 26 8 9 3 2 4 3 3 2 2 1 2 2 1 0 1 0 3 0 0 1 1 0 0 0 0 1 0 0 0 1 0 0 2 1 1 0 0 0 0 0 0 0 0 0 0 0 0 0 1 0 0 0 0 0 0 1 0 0 0 0 0 0 0 1 0 0 0 0 1 0 0 0 0 0 0 0 0 0 0 1 
0 0 1 1 1 1 9 18 29 68 182 276 250 269 284 231 182 153 149 110 119 76 42 24 10 6 5 6 3 1 6 2 2 1 0 4 1 1 2 2 0 0 0 1 0 1 1 1 1 0 0 0 0 0 0 1 0 1 0 1 0 0 0 0 1 0 0 0 0 0 0 0 0 0 0 0 0 0 0 0 0 0 0 0 0 0 0 0 0 0 0 0 0 0 0 0 0 0 0 0 6 
0 0 0 0 0 0 2 8 15 30 64 116 172 215 199 219 199 175 172 146 147 129 96 67 29 12 12 6 5 5 4 2 2 4 1 2 1 0 1 1 0 1 1 0 1 0 2 0 0 2 1 0 0 0 0 0 0 0 1 0 0 0 0 0 1 0 0 0 0 0 0 0 0 0 0 0 0 0 0 0 0 0 0 0 0 0 1 0 0 0 0 0 0 0 0 0 0 0 0 0 2 
0 0 0 0 0 0 0 2 12 24 44 55 107 167 145 161 183 175 152 122 93 115 124 109 67 59 32 17 9 5 4 1 1 3 1 0 1 1 1 1 0 1 0 0 0 0 0 0 1 0 0 0 0 0 0 0 0 0 1 0 0 0 0 0 0 0 0 0 0 1 1 0 0 0 0 0 0 0 1 0 0 0 0 0 0 0 0 1 0 0 0 0 0 0 0 0 0 0 0 0 1 
0 0 0 0 0 0 1 0 9 16 35 48 64 75 110 102 148 142 139 122 66 63 84 125 124 116 107 87 80 42 35 21 8 4 1 0 2 0 0 1 1 0 2 0 1 0 0 0 0 0 0 0 0 1 0 0 0 0 0 1 0 0 0 0 0 0 0 1 0 0 0 0 0 0 0 0 0 0 0 0 0 0 0 0 1 0 0 0 0 0 0 0 0 0 0 0 0 0 0 0 4 
0 0 1 0 0 0 0 4 2 11 16 25 47 47 63 90 97 97 114 115 125 94 60 61 95 138 133 121 133 115 84 65 36 18 9 4 3 4 1 1 0 0 0 1 0 1 0 0 0 0 0 0 0 1 0 0 0 0 1 0 0 0 0 0 0 0 0 0 0 0 0 0 0 0 0 0 0 0 0 0 0 0 0 0 0 0 0 0 0 1 0 0 0 0 0 0 0 0 0 0 0 
0 0 0 0 0 0 1 1 0 8 11 14 33 54 47 62 92 87 76 92 94 113 77 53 65 143 209 184 126 90 84 63 39 39 18 10 7 6 2 1 2 1 1 0 1 0 2 0 0 0 0 0 0 0 1 0 0 0 0 0 0 0 0 0 0 0 0 0 0 0 0 1 0 0 0 0 1 0 1 0 0 0 0 0 0 0 0 0 0 0 0 0 0 0 0 0 0 0 0 0 2 
0 0 0 0 0 0 0 1 2 4 5 9 16 43 41 40 51 70 88 93 99 116 103 67 42 72 95 168 111 83 66 39 42 37 29 21 5 9 1 3 3 1 0 2 0 0 1 0 1 0 2 1 0 0 0 0 0 1 0 0 0 0 0 0 0 0 0 0 0 0 0 0 0 0 1 0 0 0 0 0 0 0 0 0 0 0 0 0 0 0 0 0 0 0 0 0 0 0 0 0 0 
0 0 0 0 0 0 1 0 2 2 2 5 11 15 22 31 43 45 74 61 70 64 72 53 57 30 39 86 175 166 107 75 45 27 29 13 15 12 4 4 4 1 3 2 1 2 1 1 1 1 1 1 1 1 2 1 0 0 2 0 0 0 1 0 1 1 0 0 0 0 0 0 0 0 0 0 0 0 0 0 0 1 0 0 0 0 0 0 0 0 0 0 0 0 0 0 0 0 0 0 3 
0 0 0 0 0 0 0 0 0 1 1 3 7 13 23 25 34 30 44 50 56 57 62 57 62 43 43 51 107 144 115 80 32 36 23 28 17 27 15 14 7 3 0 0 0 1 2 0 0 2 1 0 0 0 1 0 0 0 0 0 0 0 0 0 0 0 0 0 0 0 0 0 0 1 0 0 0 0 0 0 0 0 0 0 0 0 1 0 0 0 0 0 0 0 0 0 0 0 0 0 2 
0 0 0 0 0 0 0 0 1 1 4 4 4 8 10 19 24 26 30 36 41 47 54 54 64 49 59 40 31 52 47 65 66 36 25 24 30 33 28 29 28 15 7 3 1 0 0 1 0 0 0 1 0 1 0 0 1 0 1 0 0 0 0 0 0 0 0 0 0 0 0 0 0 0 0 0 0 0 0 0 0 0 0 0 0 0 0 0 0 0 0 0 0 0 0 0 0 1 0 0 1 
0 0 0 0 0 0 0 0 0 0 1 0 6 5 3 8 8 20 28 36 30 30 40 50 70 58 59 49 41 46 20 36 30 23 21 12 22 17 9 11 17 16 9 4 0 0 1 0 0 1 0 0 0 0 0 0 0 0 0 0 0 0 0 0 0 0 0 0 0 0 0 0 1 0 0 0 0 0 1 0 0 0 0 0 0 0 0 0 0 0 0 0 0 0 0 0 0 0 0 0 0 
0 0 0 0 0 0 0 1 0 0 2 0 4 2 6 7 11 11 11 28 30 27 41 42 46 56 42 60 65 43 35 17 23 17 11 10 20 13 7 9 7 6 9 5 1 1 0 0 0 0 0 0 0 1 0 0 0 2 0 0 0 0 0 2 0 0 0 0 0 0 0 0 0 0 0 0 0 0 0 0 0 0 0 0 0 0 0 0 0 0 0 0 0 0 0 0 0 0 0 0 0 
0 0 0 0 0 0 0 0 0 0 0 1 0 1 2 2 4 7 10 7 14 20 23 35 30 40 57 68 61 62 54 39 34 25 10 5 10 8 16 5 4 3 2 3 2 1 0 0 0 0 0 0 0 0 0 0 0 0 0 0 0 0 0 0 0 0 0 0 0 0 0 0 0 0 0 0 0 0 0 0 0 0 0 0 0 0 0 0 0 0 0 0 0 0 0 0 0 0 0 0 5 
0 0 0 0 0 0 0 0 0 0 0 0 0 1 2 2 7 7 11 13 12 15 35 22 20 39 43 59 48 64 71 55 44 29 25 18 18 7 8 9 6 8 5 3 1 0 0 1 0 0 0 0 0 0 0 0 0 0 0 0 0 0 0 0 0 0 0 0 0 0 0 0 0 0 0 0 0 0 0 0 0 0 0 0 0 0 0 0 0 1 0 0 0 0 0 0 0 0 0 0 2 
0 0 0 0 0 0 0 0 0 0 0 0 0 0 0 2 2 4 13 12 13 15 19 7 16 33 26 46 44 53 46 51 45 32 38 28 33 22 4 1 1 4 18 12 4 0 0 0 1 0 0 0 0 0 0 0 0 0 0 0 0 0 0 0 0 0 0 0 0 0 0 0 0 0 0 0 0 0 0 0 0 0 0 0 0 0 0 0 0 0 0 0 0 0 0 0 0 0 0 0 3 
0 0 0 0 0 0 0 0 0 0 0 0 0 0 3 2 4 7 7 9 9 17 13 24 25 20 31 27 30 39 35 41 33 32 38 32 37 25 35 4 4 0 3 13 12 3 2 0 0 0 0 0 0 0 0 0 0 0 0 0 0 0 0 0 0 0 0 0 0 0 0 0 0 0 0 0 0 0 0 0 0 0 0 0 0 0 0 0 0 0 0 0 0 0 0 0 0 0 0 0 0 
0 0 0 0 0 0 0 0 0 0 0 0 0 0 1 1 1 5 7 8 12 13 11 18 23 15 22 25 28 18 35 43 49 42 40 36 22 21 25 23 7 2 2 3 9 7 0 0 1 0 0 0 0 0 0 0 0 0 0 0 0 0 0 0 0 0 0 0 0 1 0 0 0 0 0 0 0 0 0 0 0 0 0 0 0 0 0 0 0 0 0 0 0 1 0 0 0 0 0 0 1 
0 0 0 0 0 0 0 0 0 0 0 0 0 0 3 1 2 3 2 4 11 11 15 19 21 23 22 29 28 24 26 34 38 36 48 33 27 20 16 10 22 7 4 0 2 1 0 1 0 0 0 0 0 0 0 0 0 0 0 0 1 0 0 0 0 0 0 0 0 0 0 0 0 0 0 0 0 0 0 0 0 0 0 0 1 0 0 0 0 0 0 0 0 0 0 0 0 0 0 0 2 
0 0 0 0 0 0 0 0 0 0 0 0 0 0 0 1 1 2 1 7 6 6 14 17 19 19 22 20 26 28 34 21 32 30 28 28 41 35 27 15 22 15 9 6 0 1 1 2 3 3 2 0 1 0 0 0 0 0 0 0 0 1 0 0 1 0 0 1 0 0 0 0 0 0 0 0 0 0 0 0 0 0 0 0 0 1 1 0 0 0 0 0 0 0 0 0 0 0 0 0 1 
0 0 0 0 0 0 0 0 0 0 0 0 0 0 0 0 1 0 0 6 4 6 8 13 12 21 19 33 25 21 21 39 34 53 39 49 29 37 34 33 20 26 17 4 1 3 1 1 5 14 4 0 0 0 0 0 0 0 0 0 0 0 0 0 0 0 0 0 0 0 0 0 0 0 0 0 0 0 0 0 0 0 0 0 0 0 0 0 0 0 0 0 0 0 0 0 0 0 0 0 1 
0 0 0 0 0 0 0 0 0 1 0 0 0 0 0 0 1 1 3 0 1 4 3 12 13 14 13 13 23 34 32 28 21 28 32 42 39 36 36 35 25 29 12 14 12 6 2 1 1 12 31 5 3 0 0 0 1 0 1 0 0 0 0 0 0 1 0 0 0 0 0 0 0 0 0 0 0 0 1 0 0 0 0 0 0 0 0 0 0 0 0 0 0 0 0 0 0 0 0 0 2 
0 0 0 0 0 0 0 0 0 0 0 0 0 1 0 0 0 0 0 3 0 6 3 2 8 10 14 15 28 21 26 27 27 31 20 32 33 54 29 39 30 38 21 17 9 6 5 8 1 1 7 7 1 0 0 0 0 0 0 0 0 1 0 0 1 0 0 0 1 0 0 0 0 0 0 0 0 0 0 0 0 1 0 0 0 0 0 0 0 0 0 0 0 0 0 0 0 0 0 0 2 
0 0 0 0 0 0 0 0 0 0 0 0 0 0 0 1 0 0 0 1 2 2 2 6 14 10 13 11 27 16 18 24 18 23 32 39 36 43 52 40 56 39 31 16 19 17 10 5 2 0 3 4 4 0 0 1 0 0 0 0 0 1 0 0 0 0 0 0 0 0 0 0 1 1 0 0 0 0 0 0 0 0 0 0 0 1 0 0 0 0 0 0 0 0 0 0 0 0 1 0 0 
0 0 0 0 0 0 0 0 0 0 0 0 0 0 0 0 0 0 0 0 1 1 7 1 4 5 8 12 12 18 29 19 34 41 37 33 47 39 52 42 66 46 52 40 32 19 26 15 9 5 3 4 1 1 0 0 1 0 0 0 0 0 0 0 0 0 0 1 0 0 0 0 1 0 0 0 1 0 0 0 0 0 0 0 0 0 0 0 0 0 0 0 0 0 0 0 0 0 0 0 2 
0 0 0 0 0 0 0 0 0 0 0 0 0 0 0 0 1 0 0 0 1 1 2 2 2 5 3 18 17 11 13 22 26 26 30 32 22 44 51 46 58 52 64 46 39 30 38 24 16 13 5 2 3 3 0 0 0 0 0 0 0 0 0 0 0 0 0 0 0 1 0 0 0 0 0 0 0 0 0 0 0 0 0 0 0 0 0 0 0 0 0 0 0 0 0 0 0 0 0 0 1 
0 0 0 0 0 0 0 0 0 0 0 0 0 0 0 0 0 0 0 0 0 2 0 7 2 4 3 8 11 10 12 20 25 21 28 33 43 46 38 47 53 68 72 72 65 54 32 29 27 26 10 4 8 6 2 0 0 0 0 1 0 0 1 0 0 0 0 0 0 0 0 0 0 0 0 0 0 0 0 0 0 0 0 0 0 0 0 0 0 1 0 0 0 0 0 0 0 0 0 0 3 
0 0 0 0 0 0 0 0 0 0 0 0 0 0 0 0 0 0 0 0 0 1 0 1 1 2 4 2 8 7 6 13 16 15 20 20 28 30 43 42 61 59 43 77 55 67 52 53 34 42 30 27 22 15 8 2 2 1 1 0 0 0 0 0 0 0 0 0 0 0 0 0 0 0 0 0 0 0 0 0 0 0 0 0 0 1 0 0 0 0 0 0 0 0 0 0 0 0 0 0 1 
0 0 0 0 0 0 0 0 0 0 1 0 0 0 0 0 0 0 0 0 0 0 0 1 0 0 1 5 4 2 5 3 7 5 12 14 23 18 22 41 49 38 36 70 54 57 44 47 47 29 29 34 37 21 10 7 7 3 0 0 1 0 0 1 0 0 1 0 0 0 0 0 0 0 0 0 1 0 0 0 0 0 0 1 0 0 0 0 0 0 0 0 0 0 0 0 0 0 0 0 2 
0 0 0 0 0 0 0 0 0 0 0 0 0 0 0 0 0 0 0 1 0 0 1 1 1 0 0 2 2 2 3 4 4 2 7 3 13 14 19 23 25 22 42 34 50 48 54 41 42 41 45 34 34 41 28 16 10 5 4 2 2 0 0 2 0 1 0 0 0 0 0 0 0 0 0 0 0 0 0 0 0 0 0 0 0 0 0 0 0 0 0 0 0 0 1 0 0 0 0 0 3 
0 0 0 0 0 0 0 0 0 0 0 0 0 0 0 0 0 0 0 0 0 0 0 0 0 1 0 2 1 1 1 1 0 1 5 5 6 11 10 17 23 18 23 33 25 36 58 42 32 36 35 40 43 42 45 32 19 14 9 4 2 1 0 0 0 0 0 0 0 0 0 0 0 0 1 1 1 0 0 0 0 0 0 0 0 0 0 0 0 0 0 0 0 0 0 0 0 0 0 0 1 
0 0 0 0 0 0 0 0 0 0 0 0 0 0 0 0 0 0 0 0 0 0 0 0 0 0 2 0 1 3 1 3 2 3 4 6 1 10 8 12 15 14 13 29 32 32 39 30 30 46 29 26 35 36 31 33 18 10 10 13 2 3 1 3 0 0 0 0 0 0 0 0 0 0 1 0 0 0 0 0 0 0 0 1 1 0 0 0 0 0 0 0 0 0 0 0 0 0 0 0 0 
0 0 0 0 0 0 0 0 0 0 0 0 0 0 0 0 0 0 0 0 0 0 0 0 0 0 0 0 0 2 0 1 0 1 3 5 6 4 6 6 3 9 16 15 23 29 26 26 35 26 20 31 35 22 26 19 16 13 12 4 4 1 1 0 0 0 0 0 0 1 0 0 0 0 0 0 0 0 0 0 0 0 0 0 0 0 0 0 0 1 0 0 0 0 0 0 0 0 0 0 0 
0 0 0 0 0 0 0 0 0 0 0 0 0 0 0 0 0 0 0 0 0 0 0 0 0 0 0 0 0 0 1 2 0 2 1 2 4 2 3 8 10 8 12 20 31 21 34 28 33 23 31 21 32 18 12 17 12 13 9 3 3 0 0 0 0 0 0 0 0 0 0 0 0 0 0 0 0 0 0 0 0 0 0 0 0 0 0 0 0 0 0 0 0 0 0 0 1 0 0 0 2 
0 0 0 0 0 0 0 0 0 0 0 0 0 0 0 0 0 0 0 0 0 0 0 0 0 0 0 0 0 0 0 0 0 2 3 1 4 1 2 4 4 6 11 14 11 15 30 26 23 34 30 33 27 22 20 13 14 14 15 3 4 1 1 1 2 0 0 0 0 0 0 0 0 1 0 1 0 0 0 1 0 0 0 1 0 0 0 0 0 1 0 0 1 0 1 0 0 0 0 0 0 
0 0 0 0 0 0 0 0 0 0 0 0 1 0 0 0 0 0 0 0 0 1 0 0 0 0 0 0 0 0 0 0 2 1 1 3 1 4 2 3 3 7 10 13 15 14 20 17 29 28 25 31 27 25 24 21 11 16 14 2 1 4 2 0 1 0 0 0 0 0 0 1 0 0 0 0 1 0 0 0 0 0 0 1 0 0 0 0 0 0 0 0 0 0 0 0 0 0 0 0 0 
0 0 0 0 0 0 0 0 0 0 0 0 0 0 0 0 0 0 0 0 0 0 0 0 0 0 0 0 0 0 0 0 0 1 1 0 0 1 4 4 3 12 7 11 10 21 20 24 24 20 20 22 31 22 17 28 9 21 18 6 4 1 1 0 0 1 0 0 0 0 0 0 0 0 0 0 1 0 0 0 0 0 0 0 0 0 0 0 0 0 1 0 0 0 0 0 0 0 0 1 1 
0 0 0 0 0 0 0 0 0 0 0 0 0 0 0 0 0 0 0 0 0 0 0 0 0 0 0 0 1 0 0 0 1 0 0 0 2 1 2 1 4 7 6 7 9 15 19 27 24 25 26 18 30 23 11 19 15 18 25 9 9 2 3 0 1 2 0 1 2 0 0 0 0 0 0 0 0 0 0 0 0 1 0 0 0 0 0 1 1 0 0 0 0 0 0 0 0 0 0 1 3 
0 0 0 0 0 0 0 0 0 0 0 0 0 0 0 0 0 0 1 0 0 0 0 0 0 0 0 0 0 0 0 0 0 0 0 1 2 0 3 3 1 4 4 7 4 16 9 18 16 29 24 30 34 18 19 28 22 21 26 16 20 10 4 3 0 0 0 0 0 0 0 1 0 1 0 1 0 1 1 0 0 0 0 0 0 0 0 0 0 0 0 0 0 0 0 0 0 1 0 0 5 
0 0 0 0 0 0 0 0 0 0 0 0 0 0 0 0 0 0 0 0 0 0 0 0 0 0 0 0 0 0 0 0 0 0 0 2 4 1 3 2 3 2 2 11 11 10 20 14 18 15 31 32 36 33 26 26 21 24 21 21 19 9 8 3 1 1 1 0 1 0 0 0 0 0 1 0 1 0 0 0 0 0 0 0 0 0 0 0 0 0 0 0 0 0 0 0 0 0 1 0 3 
0 0 0 0 0 0 0 0 0 0 0 0 0 0 0 0 0 0 0 0 0 0 0 0 0 0 0 0 0 0 0 0 0 0 0 0 2 1 1 5 3 9 0 7 11 12 13 10 18 12 25 30 36 36 25 18 12 15 16 21 12 21 7 8 6 3 0 0 2 0 1 0 0 1 0 0 1 0 1 0 0 0 0 0 0 0 0 0 0 0 0 0 0 0 0 0 0 0 0 0 4 
0 0 0 0 0 0 0 0 0 0 0 0 0 0 0 0 0 0 0 0 0 0 0 0 0 0 0 0 0 0 0 0 0 0 0 0 0 1 2 4 0 5 6 5 6 9 15 8 17 14 18 23 18 20 27 17 22 18 22 21 19 21 21 14 11 1 1 1 1 0 0 0 0 0 0 0 0 0 0 0 0 0 1 0 0 1 0 0 0 0 0 0 0 1 0 0 0 0 0 0 1 
0 0 0 0 0 0 0 0 0 0 0 0 0 0 0 0 0 0 0 0 0 0 0 0 0 0 0 0 0 0 0 0 0 0 0 2 0 0 0 4 5 2 3 5 10 5 11 7 15 6 10 15 23 13 18 20 16 15 22 18 13 19 23 18 15 8 4 1 0 0 0 1 0 2 1 0 0 0 0 1 0 1 0 0 0 0 0 0 0 0 0 0 0 0 0 0 0 0 0 0 2 
0 0 0 0 0 0 0 0 0 0 0 0 0 0 0 0 0 0 0 0 0 0 0 0 0 0 0 0 0 0 0 0 1 0 0 0 1 1 1 2 2 5 7 7 11 7 8 9 10 14 14 17 27 18 20 11 16 25 23 12 17 22 18 16 9 14 14 1 0 1 0 0 0 0 1 0 0 0 0 1 0 0 1 0 0 0 0 0 0 0 0 0 0 0 0 0 0 0 0 0 4 
0 0 0 0 0 0 0 0 0 0 0 0 0 0 0 0 0 0 0 0 0 0 0 0 0 0 0 0 0 0 0 0 0 0 0 0 3 1 0 2 0 1 3 4 12 6 6 8 12 14 12 13 20 21 14 11 18 23 17 17 16 12 21 19 19 17 5 8 3 0 2 0 0 0 0 1 0 0 0 0 0 0 0 0 0 0 0 1 0 0 0 0 0 0 0 0 0 0 1 0 2 
0 0 0 0 0 0 0 0 0 0 0 0 0 0 0 0 0 0 0 0 0 0 0 0 0 0 0 0 0 1 0 0 0 0 1 3 2 0 1 1 0 4 3 2 6 4 9 11 2 8 10 15 19 23 8 18 11 6 6 9 12 16 18 17 25 24 16 14 12 3 1 0 0 0 0 0 0 0 0 0 0 0 0 0 0 0 0 0 0 1 0 0 0 0 0 0 0 0 0 0 1 
0 0 0 0 0 0 0 0 0 0 0 0 0 0 0 0 0 0 0 0 0 0 0 0 0 0 0 0 0 0 0 0 0 0 0 0 0 1 2 1 2 2 5 2 5 5 4 5 5 14 15 14 12 17 18 18 19 19 8 19 14 21 11 15 19 16 16 25 18 1 0 0 1 1 0 0 0 0 0 0 0 0 0 1 0 0 0 0 0 0 0 0 0 0 0 0 0 0 0 0 3 
0 0 0 0 0 0 0 0 0 0 0 0 0 0 0 0 0 0 0 0 0 0 0 0 0 0 0 0 0 0 0 0 0 0 0 0 0 0 0 1 1 1 6 2 3 5 7 5 16 9 10 12 10 13 13 17 20 18 25 16 17 21 17 15 13 19 23 18 17 15 9 3 0 0 0 2 0 0 0 0 0 0 0 0 0 0 0 0 0 0 0 0 0 0 0 0 0 0 0 0 3 
0 0 0 0 0 0 0 0 0 0 0 0 0 0 0 0 0 0 0 0 0 0 0 0 0 0 0 0 0 0 0 0 0 0 0 0 0 0 0 0 0 1 1 4 3 4 5 9 11 11 11 11 14 18 10 19 11 21 14 17 15 13 18 18 18 9 20 14 24 17 19 5 2 2 0 0 0 1 0 0 0 0 0 0 0 0 0 0 0 0 0 0 0 0 1 0 0 0 0 0 4 
0 0 0 0 0 0 0 0 0 0 0 0 0 0 0 0 0 0 0 0 0 0 0 0 0 0 0 0 0 0 0 0 0 0 0 0 0 0 0 1 0 0 1 1 4 2 2 3 6 10 8 8 14 12 15 12 16 11 16 10 18 11 2 17 15 11 14 14 22 19 16 15 5 3 0 2 0 0 0 0 0 0 0 0 0 0 0 0 0 0 0 0 1 0 0 0 0 0 0 0 1 
0 0 0 0 0 0 0 0 0 0 0 0 0 0 0 0 0 0 0 0 0 0 0 0 0 0 0 0 0 0 0 0 0 0 0 0 0 0 0 1 1 0 0 0 2 5 0 7 4 8 7 12 10 14 11 14 11 8 15 10 13 14 19 16 16 20 15 9 31 15 14 13 14 4 3 0 0 0 0 0 0 0 0 0 0 0 0 0 0 0 0 0 0 0 0 0 0 0 0 0 0 
0 0 0 0 0 0 0 0 0 0 0 0 0 0 0 0 0 0 0 0 0 0 0 0 0 0 0 0 0 0 0 0 0 0 0 0 1 0 0 0 1 0 0 0 2 2 3 2 0 8 6 14 9 13 21 13 14 11 10 13 12 21 18 10 11 18 15 17 22 27 15 22 24 12 6 2 0 1 0 0 1 0 0 0 1 0 0 0 0 0 0 0 0 0 0 0 0 1 0 0 2 
0 0 0 0 0 0 0 0 0 0 0 0 0 0 0 0 0 0 0 0 0 0 0 0 0 0 0 0 0 0 0 0 0 0 0 0 0 0 0 0 0 1 2 2 2 1 2 1 4 5 9 13 5 6 8 11 10 12 11 12 18 6 11 13 17 17 16 21 29 26 37 14 9 13 11 7 1 0 0 0 0 0 0 0 0 0 0 0 0 0 0 0 0 0 0 0 0 0 0 0 2 
0 0 0 0 0 0 0 0 0 0 0 0 0 0 0 0 0 0 0 0 0 0 0 0 0 0 0 0 0 0 0 0 0 0 0 0 0 0 0 0 0 1 0 0 2 1 4 1 2 5 7 7 7 11 13 14 17 12 12 11 9 12 10 11 15 13 18 20 11 18 29 22 19 20 4 5 7 0 2 0 1 0 0 0 0 1 0 0 0 0 0 0 0 0 0 0 0 0 0 0 2 
0 0 0 0 0 0 0 0 0 0 0 0 0 0 0 0 0 0 0 0 0 0 0 0 0 0 0 0 0 0 0 0 0 0 0 0 0 0 0 0 0 0 1 0 1 2 3 4 1 1 3 6 10 14 8 15 13 9 11 8 13 11 6 12 6 16 21 23 24 24 23 26 23 24 19 14 5 4 0 1 0 0 1 0 0 0 0 0 0 0 0 1 0 0 0 0 0 0 0 0 2 
0 0 0 0 0 0 0 0 0 0 0 0 0 0 0 0 0 0 0 0 0 0 0 0 0 0 0 0 0 0 0 0 0 0 0 0 0 0 0 1 0 0 0 0 0 1 2 0 2 5 5 7 5 12 12 17 14 11 12 7 8 11 5 10 9 9 18 11 10 13 23 16 13 15 21 10 8 3 2 1 0 1 0 0 0 0 0 0 0 0 0 1 0 0 0 0 0 0 0 0 2 
0 0 0 0 0 0 0 0 0 0 0 0 0 0 0 0 0 0 0 0 0 0 0 0 0 0 0 0 0 0 0 0 0 0 0 0 0 0 0 0 0 1 0 0 1 0 0 1 0 6 1 3 2 8 6 8 10 13 9 11 12 15 10 11 9 15 22 19 15 16 20 24 22 19 19 22 8 8 5 3 0 0 0 0 1 0 0 0 0 0 0 0 0 0 0 0 0 0 0 0 1 
0 0 0 0 0 0 0 0 0 0 0 0 0 0 0 0 0 0 0 0 0 0 0 0 0 0 0 0 0 0 0 0 0 0 0 0 0 0 0 0 1 0 1 0 0 1 0 1 1 1 6 4 4 6 3 6 13 11 8 9 9 9 7 11 10 9 14 16 30 19 29 36 33 24 19 28 22 13 14 9 4 2 1 0 0 0 0 0 0 0 0 0 1 0 0 0 0 0 0 0 3 
0 0 0 0 0 0 0 0 0 0 0 0 0 0 0 0 0 0 0 0 0 0 0 0 0 0 0 0 0 0 0 0 0 0 0 0 0 0 0 0 0 0 1 1 2 0 0 0 2 3 3 3 3 7 3 5 2 3 7 9 3 7 10 7 6 3 9 8 7 4 18 17 12 20 11 24 22 17 13 12 6 4 3 1 1 0 0 0 0 0 0 0 0 0 0 0 0 0 0 1 3 
0 0 0 0 0 0 0 0 0 0 0 0 0 0 0 0 0 0 0 0 0 0 0 0 0 0 0 0 0 0 0 0 0 0 0 0 0 0 0 0 0 0 0 0 1 1 1 2 1 0 2 0 1 4 7 3 4 6 5 5 8 13 9 9 10 4 6 6 14 8 20 16 14 11 19 12 23 15 21 12 14 3 2 1 0 0 0 0 0 0 0 0 0 0 0 0 0 0 0 0 4 
0 0 0 0 0 0 0 0 0 0 0 0 0 0 0 0 0 0 0 0 0 0 0 0 0 0 0 0 0 0 0 0 1 0 0 0 0 0 0 0 0 0 0 0 1 0 0 1 0 0 1 1 1 1 2 3 2 6 5 5 9 12 5 12 11 8 10 11 9 9 16 13 14 26 22 15 18 14 11 21 10 9 3 3 1 2 0 0 0 0 0 0 0 0 0 0 0 0 0 0 1 
0 0 0 0 0 0 0 0 0 0 0 0 0 0 0 0 0 0 0 0 0 0 0 0 0 0 0 0 0 0 0 0 0 0 0 0 0 0 0 0 0 0 0 0 0 0 0 0 0 1 0 1 1 4 1 2 6 4 5 8 3 7 8 11 8 12 12 15 13 9 10 12 14 25 18 22 18 16 24 16 24 15 9 5 1 2 0 0 1 0 0 0 0 1 0 0 0 0 0 0 2 
0 0 0 0 0 0 0 0 0 0 0 0 0 0 0 0 0 0 0 0 0 0 0 0 0 0 0 0 0 0 0 0 0 0 0 0 0 0 0 0 0 0 0 0 0 0 0 1 0 0 4 1 0 0 2 1 3 3 1 1 4 4 5 9 8 10 6 15 8 8 11 7 13 16 14 24 22 35 13 16 17 15 23 12 5 3 2 1 1 1 0 0 0 0 0 0 0 0 0 0 1 
0 0 0 0 0 0 0 0 0 0 0 0 0 0 0 0 0 0 0 0 0 0 0 0 0 0 0 0 0 0 0 0 0 0 0 0 0 0 0 0 0 0 0 0 0 0 1 1 0 0 0 2 0 2 1 0 3 3 1 3 7 1 6 3 6 6 6 9 11 9 8 21 15 14 12 14 14 21 23 20 13 35 19 13 16 6 3 3 2 0 0 0 0 0 0 0 0 0 0 0 2 
0 0 0 0 0 0 0 0 0 0 0 0 0 0 0 0 0 0 0 0 0 0 0 0 0 0 0 0 0 0 0 0 0 0 0 0 0 0 0 0 0 0 0 0 0 0 0 0 0 0 0 0 2 0 2 0 1 0 0 2 1 4 6 4 9 10 4 10 8 13 15 8 9 14 8 25 25 22 21 13 21 16 9 21 14 14 10 1 1 3 0 0 0 0 0 0 0 0 0 0 1 
0 0 0 0 0 0 0 0 0 0 0 0 0 0 0 0 0 0 0 0 0 0 0 0 0 0 0 0 0 0 0 0 0 0 0 0 0 0 0 0 0 0 0 0 0 0 0 0 0 1 0 1 1 0 2 1 1 0 0 0 0 6 4 3 6 5 7 13 9 7 9 10 9 17 11 23 25 14 25 27 22 25 23 22 26 19 16 8 7 1 0 1 0 0 0 0 0 0 0 0 0 
0 0 0 0 0 0 0 0 0 0 0 0 0 0 0 0 0 0 0 0 0 0 0 0 0 0 0 0 0 0 0 0 0 0 0 0 0 0 0 0 0 0 0 0 0 0 0 0 0 1 0 1 2 0 1 0 0 0 2 2 1 2 4 2 3 16 15 9 11 16 21 21 14 11 18 10 19 17 23 19 21 27 30 30 22 26 15 12 12 2 3 6 1 2 1 1 0 0 0 0 3 
0 0 0 0 0 0 0 0 0 0 0 0 0 0 0 0 0 0 0 0 0 0 0 0 0 0 0 0 0 0 0 0 0 0 0 0 0 0 0 0 0 0 0 1 0 0 0 0 0 0 0 0 0 0 0 1 1 0 3 0 1 1 3 1 3 0 2 7 5 9 6 8 11 8 9 12 11 20 13 17 28 19 19 25 22 16 15 15 5 5 4 3 2 1 1 0 0 0 0 0 1 
0 0 0 0 0 0 0 0 0 0 0 0 0 0 0 0 0 0 0 0 0 0 0 0 0 0 0 0 0 0 0 0 0 0 0 0 0 0 0 0 0 0 0 0 0 0 0 0 1 0 0 0 0 0 1 0 0 1 1 1 0 0 4 0 1 3 3 4 4 13 4 9 8 7 8 11 6 6 17 13 12 18 20 24 19 19 12 14 12 11 10 8 2 1 1 0 0 0 0 0 1 
0 0 0 0 0 0 0 0 0 0 0 0 0 0 0 0 0 0 0 0 0 0 0 0 0 0 0 0 0 0 0 0 0 0 0 0 0 0 0 0 0 0 0 0 0 0 0 0 0 0 0 0 0 0 1 0 1 2 1 0 1 1 1 4 2 4 2 4 7 8 6 7 11 6 6 9 18 8 14 6 10 19 14 14 17 14 21 21 11 10 9 7 3 2 1 0 0 0 0 0 1 
0 0 0 0 0 0 0 0 0 0 0 0 0 0 0 0 0 0 0 0 0 0 0 0 0 0 0 0 0 0 0 0 0 0 0 0 0 0 0 0 0 0 0 0 0 0 0 0 0 0 0 2 0 0 0 0 0 0 1 0 2 0 2 3 0 3 7 1 7 9 9 8 9 7 5 8 10 3 7 7 16 6 14 17 20 23 18 13 13 10 6 4 6 3 1 0 0 0 0 0 2 
0 0 0 0 0 0 0 0 0 0 0 0 0 0 0 0 0 0 0 0 0 0 0 0 0 0 0 0 0 0 0 0 0 0 0 0 0 0 0 0 0 0 0 0 0 0 0 0 0 0 0 0 0 1 0 0 1 0 1 0 3 0 3 1 1 3 6 3 5 9 4 8 7 7 10 15 10 6 9 4 4 6 10 5 19 18 14 11 7 7 9 2 5 5 0 1 0 1 0 0 2 
0 0 0 0 0 0 0 0 0 0 0 0 0 0 0 0 0 0 0 0 0 0 0 0 0 0 0 0 0 0 0 0 0 0 0 0 0 0 0 0 0 0 0 0 0 0 0 0 0 0 0 0 0 0 0 1 2 0 0 2 0 1 1 4 1 2 4 6 7 4 8 12 9 13 10 15 10 13 10 13 3 5 4 10 9 10 13 14 12 9 9 6 3 5 4 0 3 0 0 0 1 
0 0 0 0 0 0 0 0 0 0 0 0 0 0 0 0 0 0 0 0 0 0 0 0 0 0 0 0 0 0 0 0 0 0 0 0 0 0 0 0 0 0 0 0 0 0 0 0 0 0 0 0 0 0 1 0 0 0 0 1 0 1 1 0 0 1 2 3 3 4 7 5 19 10 10 9 12 22 10 12 7 7 4 17 8 11 8 12 9 7 7 9 6 5 7 10 1 1 1 0 2 
0 0 0 0 0 0 0 0 0 0 0 0 0 0 0 0 0 1 0 0 0 0 0 0 0 0 0 0 0 0 0 0 0 0 0 0 0 0 0 0 0 0 0 0 0 0 0 0 0 0 0 1 0 0 0 1 0 1 0 0 1 0 0 2 1 0 3 5 3 2 6 8 6 7 12 8 13 9 12 12 12 15 9 14 16 7 14 14 9 17 8 12 9 10 4 7 3 3 3 1 0 
0 0 0 0 0 0 0 0 0 0 0 0 0 0 0 0 0 0 0 0 0 0 0 0 0 0 0 0 0 0 0 0 0 0 0 0 0 0 0 0 0 0 0 0 0 0 0 0 0 0 0 0 0 0 0 0 1 1 1 0 0 0 1 3 0 2 2 2 3 3 0 7 4 1 5 13 4 13 14 10 18 15 12 27 17 22 23 14 25 18 23 8 16 13 8 12 8 6 9 3 5 
0 0 0 0 0 0 0 0 0 0 0 0 0 0 0 0 0 0 0 0 0 0 0 0 0 0 0 0 0 0 0 0 0 0 0 0 0 0 0 0 0 0 0 0 0 0 0 0 0 1 0 0 0 0 0 0 0 2 0 0 0 1 1 2 2 0 0 3 2 1 3 4 4 4 11 4 7 10 4 10 19 20 8 17 18 26 23 21 23 23 20 20 19 16 11 18 21 9 8 6 12 
0 0 0 0 0 0 0 0 0 0 0 0 0 0 0 0 0 0 0 0 0 0 0 0 0 0 0 0 0 0 0 0 0 0 0 0 0 0 0 0 0 0 0 0 0 0 0 0 0 0 0 0 0 0 0 0 0 0 0 0 0 0 1 1 0 1 0 2 0 1 1 2 2 3 3 3 7 5 3 5 13 10 16 17 16 25 19 33 23 29 13 26 14 21 16 14 12 12 7 10 12 
0 0 0 0 0 0 0 0 0 0 0 0 0 0 0 0 0 0 0 0 0 0 0 0 0 0 0 0 0 0 0 0 0 0 0 0 0 0 0 0 0 0 0 0 0 0 0 0 0 0 0 0 0 0 0 0 0 0 0 0 0 0 0 1 0 0 1 1 1 0 0 3 1 0 2 6 4 9 3 6 4 7 10 11 8 14 24 16 31 32 24 18 20 21 20 15 18 20 20 15 31 
0 0 0 0 0 0 0 0 0 0 0 0 0 0 0 0 0 0 0 0 0 0 0 0 0 0 0 0 0 0 0 0 0 0 0 0 0 0 0 0 0 0 0 0 0 0 0 0 0 0 0 0 1 0 0 0 0 0 0 0 1 1 0 0 0 1 0 4 3 2 1 0 1 3 3 3 3 6 4 5 6 5 9 4 13 12 17 12 17 22 17 18 20 25 18 19 17 20 21 20 51 
0 0 0 0 0 0 0 0 0 0 0 0 0 0 0 0 0 0 0 0 0 0 0 0 0 0 0 0 0 0 0 0 0 0 0 0 0 0 0 0 0 0 0 0 0 0 0 0 0 0 1 0 0 0 0 0 0 0 0 0 0 0 1 1 0 0 0 0 1 1 1 2 2 2 5 2 3 1 1 3 5 6 2 7 6 8 9 10 19 13 15 18 13 20 15 24 20 18 15 18 60 
0 0 0 0 0 0 0 0 0 0 0 0 0 0 0 0 0 0 0 0 0 0 0 0 0 0 0 0 0 0 0 0 0 0 0 0 0 0 0 0 0 0 0 0 0 0 0 0 0 0 0 0 0 0 1 0 0 0 1 0 0 0 1 1 1 1 0 1 3 0 2 1 3 4 4 1 1 3 5 8 3 3 2 7 4 6 11 10 6 6 8 11 14 4 11 9 13 12 18 15 55 
0 0 0 0 0 0 0 0 0 0 0 0 0 0 0 0 0 0 0 0 0 0 0 0 0 0 0 0 0 0 0 0 0 0 0 0 0 0 0 0 0 0 0 0 0 0 0 0 0 0 0 0 0 0 0 0 0 0 0 0 0 0 0 1 0 0 2 0 0 2 1 0 0 1 1 1 5 2 3 7 2 1 4 6 5 4 7 11 5 11 3 7 5 7 10 13 6 13 7 8 38 
0 0 0 0 0 0 0 0 0 0 0 0 0 0 0 0 0 0 0 0 0 0 0 0 0 0 0 0 0 0 0 0 0 0 0 0 0 0 0 0 0 0 0 0 0 0 0 0 0 0 0 0 0 0 0 0 0 0 1 0 0 0 0 0 1 0 0 0 1 0 0 1 1 0 2 2 0 3 2 5 1 3 4 3 7 6 3 4 6 4 10 3 9 6 8 9 6 4 7 3 36 
0 0 0 0 0 0 0 0 0 0 0 0 0 0 0 0 0 0 0 0 0 0 0 0 0 0 0 0 0 0 0 0 0 0 0 0 0 0 0 0 0 0 0 0 0 0 0 0 0 0 0 0 0 0 0 0 0 0 0 0 0 0 0 0 0 0 0 0 1 1 0 2 1 1 1 1 1 4 4 2 2 5 1 2 5 3 3 6 8 4 11 8 3 10 5 5 2 3 10 8 19 
0 0 0 0 0 0 0 0 0 0 0 0 0 0 0 0 0 0 0 0 0 0 0 0 0 0 0 0 0 0 0 0 0 0 0 0 0 0 0 0 0 0 0 0 0 0 0 0 0 0 0 0 0 0 0 0 0 0 0 0 0 0 0 0 1 0 2 0 0 2 0 0 0 1 2 0 1 2 0 0 2 5 4 2 1 3 3 5 7 7 7 7 6 5 11 8 6 10 5 6 25 
0 0 0 0 0 0 0 0 0 0 0 0 0 0 0 0 0 0 0 0 0 0 0 0 0 0 0 0 0 0 0 0 0 0 0 0 0 0 0 0 0 0 0 0 0 0 0 0 0 0 0 0 0 0 0 0 0 0 0 0 0 1 0 0 1 0 0 0 0 0 0 0 0 0 2 0 1 0 1 1 0 4 2 6 6 4 3 12 3 4 9 3 8 5 6 13 6 10 5 4 26 
0 0 0 0 0 0 0 0 0 0 0 0 0 0 0 0 0 0 0 0 0 0 0 0 0 0 0 0 0 0 0 0 0 0 0 0 0 0 0 0 0 0 0 0 0 0 0 0 0 0 0 0 0 0 0 0 0 0 0 0 0 1 0 0 0 0 0 1 1 1 1 2 1 0 0 1 1 1 2 1 6 1 3 1 2 0 4 5 5 3 7 2 8 7 5 5 7 8 6 4 23 
0 0 0 0 0 0 0 0 0 0 0 0 0 0 0 0 0 0 0 0 0 0 0 0 0 0 0 0 0 0 0 0 0 0 0 0 0 0 0 0 0 0 0 0 0 0 0 0 0 0 0 0 0 0 0 0 0 0 0 0 0 0 0 0 0 0 1 1 0 0 1 0 1 0 0 1 2 0 2 3 0 3 2 2 6 1 4 6 6 4 7 6 8 9 5 4 5 3 3 4 26 
0 0 0 0 0 0 0 0 0 0 0 0 0 0 0 0 0 0 0 0 0 0 0 0 0 0 0 0 0 0 0 0 0 0 0 0 0 0 0 0 0 0 0 0 0 0 0 0 0 0 0 0 0 0 0 0 0 0 1 0 1 0 0 1 0 0 0 0 0 0 2 0 0 0 0 0 0 0 0 1 1 5 6 2 1 4 5 4 2 3 7 5 8 1 5 9 6 9 9 5 41 
0 0 0 0 0 0 0 0 0 0 0 0 0 0 0 0 0 0 0 0 0 0 0 0 0 0 0 0 0 0 0 0 0 0 0 0 0 0 0 0 0 0 0 0 0 0 0 0 0 0 0 0 0 0 0 0 0 0 0 0 0 0 0 0 1 0 0 0 0 1 1 0 0 0 0 1 0 1 2 1 5 2 0 5 4 7 4 2 7 11 6 6 5 4 5 3 8 5 5 4 54 
0 0 0 0 0 0 0 0 0 0 0 0 0 0 0 0 0 0 0 0 0 0 0 0 0 0 0 0 0 0 0 0 0 0 0 0 0 0 0 0 0 0 0 0 0 0 0 0 0 0 0 0 0 0 0 0 0 0 0 0 0 0 0 0 1 0 1 0 0 1 1 0 1 0 1 0 0 1 0 1 1 2 3 2 9 1 4 7 8 4 8 11 22 10 8 16 11 8 9 10 54 
0 0 0 0 0 0 0 0 0 0 0 0 0 0 0 0 0 0 0 7 9 9 6 3 4 7 6 2 6 5 3 5 2 4 3 5 2 2 4 3 5 3 1 3 4 4 5 3 2 3 2 1 1 0 1 3 2 4 4 5 2 0 8 7 5 4 4 7 5 6 9 4 10 10 6 3 8 7 4 7 12 15 20 18 19 23 30 45 39 68 54 61 56 85 109 89 110 103 109 121 1704 
