2892 2195 0 0 0 1532 0 636 0 129 0 27 18 4 0 1 0 0 0 0 0 0 0 0 0 0 0 0 0 0 0 0 0 0 0 0 0 0 0 0 0 0 0 0 0 0 0 0 0 0 0 0 0 0 0 0 0 0 0 0 0 0 0 0 0 0 0 0 0 0 0 0 0 0 0 0 0 0 0 0 0 0 0 0 0 0 0 0 0 0 0 0 0 0 0 0 0 0 0 0 0 
10 299 0 0 0 260 0 335 0 185 0 74 24 9 2 1 0 0 0 0 0 0 0 0 0 0 0 0 0 0 0 0 0 0 0 0 0 0 0 0 0 0 0 0 0 0 0 0 0 0 0 0 0 0 0 0 0 0 0 0 0 0 0 0 0 0 0 0 0 0 0 0 0 0 0 0 0 0 0 0 0 0 0 0 0 0 0 0 0 0 0 0 0 0 0 0 0 0 0 0 0 
3 347 0 0 0 274 0 255 0 232 0 180 61 11 3 1 0 0 0 0 0 0 0 0 0 0 0 0 0 0 0 0 0 0 0 0 0 0 0 0 0 0 0 0 0 0 0 0 0 0 0 0 0 0 0 0 0 0 0 0 0 0 0 0 0 0 0 0 0 0 0 0 0 0 0 0 0 0 0 0 0 0 0 0 0 0 0 0 0 0 0 0 0 0 0 0 0 0 0 0 0 
0 367 0 0 0 266 0 196 0 140 0 196 112 87 87 49 0 0 0 0 0 0 0 0 0 0 0 0 0 0 0 0 0 0 0 0 0 0 0 0 0 0 0 0 0 0 0 0 0 0 0 0 0 0 0 0 0 0 0 0 0 0 0 0 0 0 0 0 0 0 0 0 0 0 0 0 0 0 0 0 0 0 0 0 0 0 0 0 0 0 0 0 0 0 0 0 0 0 0 0 0 
1 387 0 0 0 257 0 134 0 103 0 124 77 113 154 217 25 4 0 0 0 0 0 0 0 0 0 0 0 0 0 0 0 0 0 0 0 0 0 0 0 0 0 0 0 0 0 0 0 0 0 0 0 0 0 0 0 0 0 0 0 0 0 0 0 0 0 0 0 0 0 0 0 0 0 0 0 0 0 0 0 0 0 0 0 0 0 0 0 0 0 0 0 0 0 0 0 0 0 0 0 
0 368 0 0 0 225 0 117 0 93 0 107 57 32 69 170 58 68 23 3 0 0 0 0 0 0 0 0 0 0 0 0 0 0 0 0 0 0 0 0 0 0 0 0 0 0 0 0 0 0 0 0 0 0 0 0 0 0 0 0 0 0 0 0 0 0 0 0 0 0 0 0 0 0 0 0 0 0 0 0 0 0 0 0 0 0 0 0 0 0 0 0 0 0 0 0 0 0 0 0 0 
0 324 0 0 0 219 0 104 0 112 0 91 48 26 34 77 31 133 106 43 23 3 0 0 0 0 0 0 0 0 0 0 0 0 0 0 0 0 0 0 0 0 0 0 0 0 0 0 0 0 0 0 0 0 0 0 0 0 0 0 0 0 0 0 0 0 0 0 0 0 0 0 0 0 0 0 0 0 0 0 0 0 0 0 0 0 0 0 0 0 0 0 0 0 0 0 0 0 0 0 0 
0 284 0 0 0 203 0 95 0 114 0 91 55 30 22 41 12 57 96 97 148 169 67 11 0 0 0 0 0 0 0 0 0 0 0 0 0 0 0 0 0 0 0 0 0 0 0 0 0 0 0 0 0 0 0 0 0 0 0 0 0 0 0 0 0 0 0 0 0 0 0 0 0 0 0 0 0 0 0 0 0 0 0 0 0 0 0 0 0 0 0 0 0 0 0 0 0 0 0 0 0 
0 232 0 0 0 192 0 108 0 91 0 83 56 31 22 38 7 29 74 58 134 190 114 70 11 1 0 0 0 0 0 0 0 0 0 0 0 0 0 0 0 0 0 0 0 0 0 0 0 0 0 0 0 0 0 0 0 0 0 0 0 0 0 0 0 0 0 0 0 0 0 0 0 0 0 0 0 0 0 0 0 0 0 0 0 0 0 0 0 0 0 0 0 0 0 0 0 0 0 0 0 
0 210 0 0 0 198 0 92 0 87 0 98 45 23 13 20 12 33 53 28 42 175 168 108 52 3 0 0 0 0 0 0 0 0 0 0 0 0 0 0 0 0 0 0 0 0 0 0 0 0 0 0 0 0 0 0 0 0 0 0 0 0 0 0 0 0 0 0 0 0 0 0 0 0 0 0 0 0 0 0 0 0 0 0 0 0 0 0 0 0 0 0 0 0 0 0 0 0 0 0 0 
0 162 0 0 0 198 0 84 0 92 0 99 51 43 23 27 2 20 56 26 68 112 134 133 64 16 1 0 0 0 0 0 0 0 0 0 0 0 0 0 0 0 0 0 0 0 0 0 0 0 0 0 0 0 0 0 0 0 0 0 0 0 0 0 0 0 0 0 0 0 0 0 0 0 0 0 0 0 0 0 0 0 0 0 0 0 0 0 0 0 0 0 0 0 0 0 0 0 0 0 0 
0 154 0 0 0 237 0 81 0 93 0 86 40 32 27 19 7 21 46 26 36 94 120 147 130 58 31 6 0 0 0 0 0 0 0 0 0 0 0 0 0 0 0 0 0 0 0 0 0 0 0 0 0 0 0 0 0 0 0 0 0 0 0 0 0 0 0 0 0 0 0 0 0 0 0 0 0 0 0 0 0 0 0 0 0 0 0 0 0 0 0 0 0 0 0 0 0 0 0 0 0 
0 140 0 0 0 197 0 100 0 78 0 77 40 25 25 24 3 23 27 23 32 61 65 74 80 60 53 21 1 1 0 0 0 0 0 0 0 0 0 0 0 0 0 0 0 0 0 0 0 0 0 0 0 0 0 0 0 0 0 0 0 0 0 0 0 0 0 0 0 0 0 0 0 0 0 0 0 0 0 0 0 0 0 0 0 0 0 0 0 0 0 0 0 0 0 0 0 0 0 0 0 
0 107 0 0 0 184 0 88 0 87 0 74 46 25 21 20 13 21 34 19 30 62 60 55 69 55 53 33 22 13 1 0 0 0 0 0 0 0 0 0 0 0 0 0 0 0 0 0 0 0 0 0 0 0 0 0 0 0 0 0 0 0 0 0 0 0 0 0 0 0 0 0 0 0 0 0 0 0 0 0 0 0 0 0 0 0 0 0 0 0 0 0 0 0 0 0 0 0 0 0 0 
0 86 0 0 0 184 0 105 0 68 0 70 42 24 20 27 4 22 46 19 28 47 41 51 65 53 37 54 46 38 15 0 0 0 0 0 0 0 0 0 0 0 0 0 0 0 0 0 0 0 0 0 0 0 0 0 0 0 0 0 0 0 0 0 0 0 0 0 0 0 0 0 0 0 0 0 0 0 0 0 0 0 0 0 0 0 0 0 0 0 0 0 0 0 0 0 0 0 0 0 0 
0 66 0 0 0 144 0 113 0 76 0 71 32 30 27 28 13 14 30 16 29 28 25 36 52 51 38 34 57 29 12 3 0 0 0 0 0 0 0 0 0 0 0 0 0 0 0 0 0 0 0 0 0 0 0 0 0 0 0 0 0 0 0 0 0 0 0 0 0 0 0 0 0 0 0 0 0 0 0 0 0 0 0 0 0 0 0 0 0 0 0 0 0 0 0 0 0 0 0 0 0 
0 39 0 0 0 146 0 107 0 84 0 80 32 26 24 25 9 25 32 16 25 29 22 34 54 40 32 30 46 26 12 3 0 0 0 0 0 0 0 0 0 0 0 0 0 0 0 0 0 0 0 0 0 0 0 0 0 0 0 0 0 0 0 0 0 0 0 0 0 0 0 0 0 0 0 0 0 0 0 0 0 0 0 0 0 0 0 0 0 0 0 0 0 0 0 0 0 0 0 0 0 
0 36 0 0 0 138 0 103 0 101 0 67 29 23 23 24 9 25 35 10 27 24 21 26 37 32 25 35 40 24 13 2 1 0 0 0 0 0 0 0 0 0 0 0 0 0 0 0 0 0 0 0 0 0 0 0 0 0 0 0 0 0 0 0 0 0 0 0 0 0 0 0 0 0 0 0 0 0 0 0 0 0 0 0 0 0 0 0 0 0 0 0 0 0 0 0 0 0 0 0 0 
0 14 0 0 0 161 0 113 0 87 0 66 33 22 31 25 12 23 32 15 14 14 24 23 29 30 20 25 41 53 22 2 0 0 0 0 0 0 0 0 0 0 0 0 0 0 0 0 0 0 0 0 0 0 0 0 0 0 0 0 0 0 0 0 0 0 0 0 0 0 0 0 0 0 0 0 0 0 0 0 0 0 0 0 0 0 0 0 0 0 0 0 0 0 0 0 0 0 0 0 0 
0 22 0 0 0 138 0 109 0 92 0 59 39 33 30 24 5 21 33 15 25 25 20 13 22 27 15 19 46 29 15 0 0 0 0 0 0 0 0 0 0 0 0 0 0 0 0 0 0 0 0 0 0 0 0 0 0 0 0 0 0 0 0 0 0 0 0 0 0 0 0 0 0 0 0 0 0 0 0 0 0 0 0 0 0 0 0 0 0 0 0 0 0 0 0 0 0 0 0 0 0 
0 10 0 0 0 145 0 82 0 78 0 67 46 30 25 30 6 18 39 21 28 24 24 22 23 18 11 16 40 25 13 3 0 0 0 0 0 0 0 0 0 0 0 0 0 0 0 0 0 0 0 0 0 0 0 0 0 0 0 0 0 0 0 0 0 0 0 0 0 0 0 0 0 0 0 0 0 0 0 0 0 0 0 0 0 0 0 0 0 0 0 0 0 0 0 0 0 0 0 0 0 
0 3 0 0 0 127 0 104 0 72 0 55 44 24 25 23 14 22 29 23 17 24 14 23 22 14 25 17 25 16 18 4 0 0 0 0 0 0 0 0 0 0 0 0 0 0 0 0 0 0 0 0 0 0 0 0 0 0 0 0 0 0 0 0 0 0 0 0 0 0 0 0 0 0 0 0 0 0 0 0 0 0 0 0 0 0 0 0 0 0 0 0 0 0 0 0 0 0 0 0 0 
0 8 0 0 0 112 0 85 0 87 0 60 40 32 34 30 9 15 32 25 31 27 14 22 10 15 18 12 25 23 10 1 1 0 0 0 0 0 0 0 0 0 0 0 0 0 0 0 0 0 0 0 0 0 0 0 0 0 0 0 0 0 0 0 0 0 0 0 0 0 0 0 0 0 0 0 0 0 0 0 0 0 0 0 0 0 0 0 0 0 0 0 0 0 0 0 0 0 0 0 0 
0 2 0 0 0 115 0 81 0 85 0 78 57 32 31 27 8 8 24 25 25 24 15 17 23 13 14 13 21 21 13 3 0 0 1 0 0 0 0 0 0 0 0 0 0 0 0 0 0 0 0 0 0 0 0 0 0 0 0 0 0 0 0 0 0 0 0 0 0 0 0 0 0 0 0 0 0 0 0 0 0 0 0 0 0 0 0 0 0 0 0 0 0 0 0 0 0 0 0 0 0 
0 4 0 0 0 96 0 86 0 86 0 70 45 38 28 31 4 16 17 20 29 27 13 20 14 16 9 16 18 11 13 2 0 0 0 0 0 0 0 0 0 0 0 0 0 0 0 0 0 0 0 0 0 0 0 0 0 0 0 0 0 0 0 0 0 0 0 0 0 0 0 0 0 0 0 0 0 0 0 0 0 0 0 0 0 0 0 0 0 0 0 0 0 0 0 0 0 0 0 0 0 
0 1 0 0 0 71 0 84 0 75 0 59 45 31 21 39 4 13 23 17 27 34 15 12 20 15 7 9 18 10 3 2 0 0 0 0 0 0 0 0 0 0 0 0 0 0 0 0 0 0 0 0 0 0 0 0 0 0 0 0 0 0 0 0 0 0 0 0 0 0 0 0 0 0 0 0 0 0 0 0 0 0 0 0 0 0 0 0 0 0 0 0 0 0 0 0 0 0 0 0 0 
0 0 0 0 0 76 0 71 0 90 0 73 36 49 19 37 15 19 14 13 19 22 11 22 17 10 8 7 21 8 9 2 1 0 0 0 0 0 0 0 0 0 0 0 0 0 0 0 0 0 0 0 0 0 0 0 0 0 0 0 0 0 0 0 0 0 0 0 0 0 0 0 0 0 0 0 0 0 0 0 0 0 0 0 0 0 0 0 0 0 0 0 0 0 0 0 0 0 0 0 0 
0 0 0 0 0 49 0 72 0 97 0 77 35 35 28 44 13 14 15 11 17 24 13 19 21 15 13 9 19 10 9 3 0 0 0 0 0 0 0 0 0 0 0 0 0 0 0 0 0 0 0 0 0 0 0 0 0 0 0 0 0 0 0 0 0 0 0 0 0 0 0 0 0 0 0 0 0 0 0 0 0 0 0 0 0 0 0 0 0 0 0 0 0 0 0 0 0 0 0 0 0 
0 0 0 0 0 45 0 59 0 94 0 55 41 26 29 25 12 27 39 18 12 32 15 17 14 18 15 9 9 9 8 0 0 0 0 1 0 0 0 1 0 0 0 0 0 0 0 0 0 0 0 0 0 0 0 0 0 0 0 0 0 0 0 0 0 0 0 0 0 0 0 0 0 0 0 0 0 0 0 0 0 0 0 0 0 0 0 0 0 0 0 0 0 0 0 0 0 0 0 0 0 
0 0 0 0 0 38 0 45 0 61 0 82 33 26 20 32 10 33 44 20 26 23 21 17 14 8 13 13 15 9 5 2 0 0 0 0 0 0 0 0 0 0 0 0 0 0 0 0 0 0 0 0 0 0 0 0 0 0 0 0 0 0 0 0 0 0 0 0 0 0 0 0 0 0 0 0 0 0 0 0 0 0 0 0 0 0 0 0 0 0 0 0 0 0 0 0 0 0 0 0 0 
0 0 0 0 0 24 0 47 0 52 0 55 37 33 32 32 9 33 30 21 33 19 14 17 20 12 11 9 17 15 3 3 1 0 0 0 0 0 0 0 0 0 0 0 0 0 0 0 0 0 0 0 0 0 0 0 0 0 0 0 0 0 0 0 0 0 0 0 0 0 0 0 0 0 0 0 0 0 0 0 0 0 0 0 0 0 0 0 0 0 0 0 0 0 0 0 0 0 0 0 0 
0 1 0 0 0 15 0 40 0 59 0 60 25 28 32 33 15 29 30 24 21 27 16 6 13 14 5 5 13 8 5 0 0 0 0 0 0 0 0 0 0 0 0 0 0 0 0 0 0 0 0 0 0 0 0 0 0 0 0 0 0 0 0 0 0 0 0 0 0 0 0 0 0 0 0 0 0 0 0 0 0 0 0 0 0 0 0 0 0 0 0 0 0 0 0 0 0 0 0 0 0 
0 0 0 0 0 10 0 26 0 43 0 53 26 29 31 33 11 21 31 23 23 25 20 22 17 19 9 10 12 10 5 1 0 0 0 0 0 0 0 0 0 0 0 0 0 0 0 0 0 0 0 0 0 0 0 0 0 0 0 0 0 0 0 0 0 0 0 0 0 0 0 0 0 0 0 0 0 0 0 0 0 0 0 0 0 0 0 0 0 0 0 0 0 0 0 0 0 0 0 0 0 
0 0 0 0 0 6 0 25 0 43 0 45 43 42 27 35 14 26 41 20 28 27 19 24 14 11 10 6 8 6 1 2 0 0 0 0 0 0 0 0 0 0 0 0 0 0 0 0 0 0 0 0 0 0 0 0 0 0 0 0 0 0 0 0 0 0 0 0 0 0 0 0 0 0 0 0 0 0 0 0 0 0 0 0 0 0 0 0 0 0 0 0 0 0 0 0 0 0 0 0 0 
0 0 0 0 0 5 0 14 0 41 0 39 35 41 28 37 12 19 23 19 43 31 13 10 27 15 16 10 14 9 1 3 0 0 0 0 0 0 0 0 0 0 0 0 0 0 0 0 0 0 0 0 0 0 0 0 0 0 0 0 0 0 0 0 0 0 0 0 0 0 0 0 0 0 0 0 0 0 0 0 0 0 0 0 0 0 0 0 0 0 0 0 0 0 0 0 0 0 0 0 0 
0 0 0 0 0 1 0 9 0 23 0 35 33 40 23 41 9 20 14 16 30 49 27 12 20 14 25 11 8 7 2 2 0 0 0 0 0 0 0 0 0 0 0 0 0 0 0 0 0 0 0 0 0 0 0 0 0 0 0 0 0 0 0 0 0 0 0 0 0 0 0 0 0 0 0 0 0 0 0 0 0 0 0 0 0 0 0 0 0 0 0 0 0 0 0 0 0 0 0 0 0 
0 0 0 0 0 2 0 7 0 16 0 29 35 39 37 35 6 12 23 17 31 41 24 15 17 18 5 9 10 7 4 0 1 0 1 0 0 0 0 0 0 0 0 0 0 0 0 0 1 0 0 0 0 0 0 0 0 0 0 0 0 0 0 0 0 0 0 0 0 0 0 0 0 0 0 0 0 0 0 0 0 0 0 0 0 0 0 0 0 0 0 0 0 0 0 0 0 0 0 0 0 
0 0 0 0 0 3 0 7 0 7 0 26 24 24 32 25 14 22 33 15 38 43 27 28 22 16 16 10 9 9 6 0 0 0 0 1 1 0 0 0 0 0 0 0 0 0 0 0 0 0 0 0 0 0 0 0 0 0 0 0 0 0 0 0 0 0 0 0 0 0 0 0 0 0 0 0 0 0 0 0 0 0 0 0 0 0 0 0 0 0 0 0 0 0 0 0 0 0 0 0 0 
0 0 0 0 0 2 0 4 0 8 0 23 25 31 24 35 12 27 27 4 25 47 30 16 21 18 12 8 4 4 1 2 0 0 0 0 0 0 0 1 0 0 0 0 0 0 0 0 0 0 0 0 0 0 0 0 0 0 0 0 0 0 0 0 0 0 0 0 0 0 0 0 0 0 0 0 0 0 0 0 0 0 0 0 0 0 0 0 0 0 0 0 0 0 0 0 0 0 0 0 0 
0 0 0 0 0 1 0 3 0 9 0 11 22 23 16 27 10 35 29 15 28 34 32 27 21 19 19 8 4 5 3 1 1 1 0 0 0 0 0 0 0 1 0 0 0 0 0 0 0 0 0 0 0 0 0 0 0 0 0 0 0 0 0 0 0 0 0 0 0 0 0 0 0 0 0 0 0 0 0 0 0 0 0 0 0 0 0 0 0 0 0 0 0 0 0 0 0 0 0 0 0 
0 0 0 0 0 0 0 3 0 6 0 24 19 27 33 29 13 23 29 29 27 40 25 26 29 24 19 11 7 4 1 0 0 2 0 0 0 0 0 0 0 0 0 0 1 0 0 0 0 0 0 0 0 0 0 0 0 0 0 0 0 0 0 0 0 0 0 0 0 0 0 0 0 0 0 0 0 0 0 0 0 0 0 0 0 0 0 0 0 0 0 0 0 0 0 0 0 0 0 0 0 
0 0 0 0 0 0 0 1 0 8 0 6 8 23 29 36 6 26 29 15 36 33 29 30 32 30 17 9 9 6 2 4 0 0 0 0 0 0 0 0 1 1 0 0 0 0 0 0 0 0 0 0 0 0 0 0 0 0 0 0 0 0 0 0 0 0 0 0 0 0 0 0 0 0 0 0 0 0 0 0 0 0 0 0 0 0 0 0 0 0 0 0 0 0 0 0 0 0 0 0 0 
0 0 0 0 0 1 0 0 0 7 0 8 17 18 12 29 14 33 35 29 38 42 31 29 37 25 13 15 7 4 5 0 1 2 0 1 0 0 0 0 0 0 0 0 1 0 0 0 0 0 0 0 0 0 0 0 0 0 0 0 0 0 0 0 0 0 0 0 0 0 0 0 0 0 0 0 0 0 0 0 0 0 0 0 0 0 0 0 0 0 0 0 0 0 0 0 0 0 0 0 0 
0 0 0 0 0 0 0 2 0 3 0 2 3 9 15 28 22 33 44 18 30 38 28 31 23 24 24 10 8 9 5 0 2 1 0 1 1 0 0 0 0 1 0 0 0 0 0 0 0 0 0 0 0 0 0 0 0 0 0 0 0 0 0 0 0 0 0 0 0 0 0 0 0 0 0 0 0 0 0 0 0 0 0 0 0 0 0 0 0 0 0 0 0 0 0 0 0 0 0 0 0 
0 0 0 0 0 0 0 0 0 1 0 7 6 13 26 31 26 33 44 24 26 53 23 27 39 23 13 11 14 5 3 3 1 0 0 0 0 1 0 0 0 0 0 0 0 0 0 0 0 0 0 0 0 0 0 0 0 0 0 0 0 0 0 0 0 0 0 0 0 0 0 0 0 0 0 0 0 0 0 0 0 0 0 0 0 0 0 0 0 0 0 0 0 0 0 0 0 0 0 0 0 
0 0 0 0 0 0 0 0 0 2 0 3 5 12 17 32 6 25 34 25 28 29 24 25 24 30 18 10 5 3 1 1 1 0 0 0 0 0 0 0 0 0 0 0 0 0 0 1 0 0 0 0 0 0 0 0 0 0 0 0 0 0 0 0 0 0 0 0 0 0 0 0 0 0 0 0 0 0 0 0 0 0 0 0 0 0 0 0 0 1 0 0 0 0 0 0 0 0 0 0 0 
0 0 0 0 0 0 0 1 0 1 0 3 3 11 16 23 12 40 45 25 25 30 29 30 33 21 16 15 4 5 8 2 1 0 1 1 0 0 0 0 0 1 1 0 0 1 0 0 0 0 0 0 0 0 0 0 0 0 0 0 0 0 0 0 0 0 0 0 0 0 0 0 0 0 0 0 0 0 0 0 0 0 0 0 0 0 0 0 0 0 0 0 0 0 0 0 0 0 0 0 0 
0 0 0 0 0 0 0 0 0 1 0 1 4 8 13 25 9 34 44 24 25 33 44 23 32 27 21 8 8 6 6 3 1 1 0 0 2 0 0 0 0 0 0 0 0 0 1 0 0 0 0 0 0 0 0 1 1 0 0 0 0 0 0 0 0 0 0 0 0 0 0 0 0 0 0 0 0 0 0 0 0 0 0 0 0 0 0 0 0 0 0 0 0 0 0 0 0 0 0 0 0 
0 0 0 0 0 0 0 0 0 1 0 4 4 4 17 23 12 30 42 23 51 41 25 31 26 25 23 21 13 10 5 1 1 0 0 1 1 1 1 2 1 0 0 1 0 0 0 1 0 1 0 0 0 0 0 0 0 0 0 0 0 0 0 0 0 0 0 0 0 0 0 0 0 0 0 0 0 0 0 0 0 0 0 0 0 0 0 0 0 0 0 0 0 0 0 0 0 0 0 0 0 
0 0 0 0 0 0 0 0 0 3 0 2 3 7 15 18 16 29 44 23 32 39 39 30 35 29 16 13 13 3 2 3 2 0 1 1 0 0 1 0 1 0 0 0 0 0 0 0 0 0 0 0 0 0 0 0 0 0 0 0 0 0 0 0 0 0 0 0 0 0 0 0 0 0 0 0 0 0 0 0 0 0 0 0 0 0 0 0 0 0 0 0 0 0 0 0 0 0 0 0 0 
0 0 0 0 0 0 0 0 0 1 0 0 4 8 5 21 13 33 43 23 34 42 38 42 34 25 20 18 15 9 5 4 3 0 1 2 1 0 1 1 1 0 0 0 0 1 0 1 0 0 0 0 0 0 0 0 0 0 0 0 0 0 0 0 0 0 0 0 0 0 0 0 0 0 0 0 0 0 0 0 0 0 0 0 0 0 0 0 0 0 0 0 0 0 0 0 0 0 0 0 0 
0 0 0 0 0 0 0 0 0 1 0 1 0 4 4 14 12 31 31 20 29 48 32 30 44 30 23 12 14 7 7 5 2 2 0 3 1 2 1 0 0 0 0 0 0 1 1 0 0 0 0 0 0 0 0 0 0 0 0 0 0 0 0 0 0 0 0 0 0 0 0 0 0 0 0 0 0 0 0 0 0 0 0 0 0 0 0 0 0 0 0 0 0 0 0 0 0 0 0 0 0 
0 0 0 0 0 0 0 0 0 0 0 0 0 4 5 17 12 33 26 16 27 31 41 53 48 28 29 17 9 12 4 2 1 2 1 2 0 0 1 1 1 0 1 0 1 1 1 1 0 0 0 0 0 0 0 0 0 0 0 0 0 0 0 0 0 0 0 0 0 0 0 0 0 0 0 0 0 0 0 0 0 0 0 0 0 0 0 0 0 0 0 0 0 0 0 0 0 0 0 0 0 
0 0 0 0 0 0 0 0 0 0 0 0 0 2 10 9 9 19 32 25 30 45 35 48 38 26 25 18 16 11 11 6 1 7 4 2 1 1 0 2 0 1 0 0 1 0 0 0 0 0 1 1 0 0 0 0 1 0 0 0 0 0 0 0 0 0 0 0 0 0 0 0 0 0 0 0 0 0 0 0 0 0 0 0 0 0 0 0 0 0 0 0 0 0 0 0 0 0 0 0 0 
0 0 0 0 0 0 0 0 0 0 0 2 1 0 5 12 6 24 42 18 15 40 35 52 35 30 19 29 8 6 4 8 5 2 2 5 0 1 1 2 0 1 0 0 0 0 0 0 1 0 0 1 0 0 0 1 0 0 0 0 0 0 0 0 0 0 0 0 0 0 0 0 0 0 0 0 0 0 0 0 0 0 0 0 0 0 0 0 0 0 0 0 0 0 0 0 0 0 0 0 0 
0 0 0 0 0 0 0 0 0 0 0 0 0 2 4 17 9 26 38 24 31 43 41 40 28 28 25 19 12 14 9 3 3 2 0 2 6 2 4 0 1 0 0 0 0 0 0 1 0 0 0 0 0 0 0 2 1 0 0 0 0 0 0 0 0 0 0 0 0 0 0 0 0 0 0 0 0 0 0 0 0 0 0 0 0 0 0 0 0 0 0 0 0 0 0 0 0 0 0 0 0 
0 0 0 0 0 0 0 0 0 0 0 0 0 2 2 10 3 16 39 26 32 39 48 40 45 23 18 21 18 11 9 3 11 4 7 3 4 1 0 0 1 2 1 1 0 1 0 0 1 0 1 0 0 0 0 0 0 0 0 0 0 0 0 0 0 0 0 0 0 0 0 0 0 0 0 0 0 0 0 0 0 0 0 0 0 0 0 0 0 0 0 0 0 0 0 0 0 0 0 0 0 
0 0 0 0 0 0 0 0 0 0 0 0 1 2 1 4 5 22 36 11 29 35 33 38 43 27 18 13 15 8 15 5 10 5 5 3 5 0 5 1 0 3 1 0 0 2 1 1 1 0 1 0 0 0 0 1 0 1 0 1 0 0 0 0 0 0 0 0 0 0 0 0 0 0 0 0 0 0 0 0 0 0 0 0 0 0 0 0 0 0 0 0 0 0 0 0 0 0 0 0 0 
0 0 0 0 0 0 0 0 0 0 0 0 0 1 0 2 10 16 25 11 33 36 44 42 44 31 18 24 23 15 11 13 7 7 1 2 4 3 4 4 3 0 1 1 0 0 1 0 0 1 0 0 0 0 1 0 0 0 0 0 0 0 0 0 0 0 0 0 0 0 0 0 0 0 0 0 0 0 0 0 0 0 0 0 0 0 0 0 0 0 0 0 0 0 0 0 0 0 0 0 0 
0 0 0 0 0 0 0 0 0 1 0 0 0 0 2 5 2 22 32 20 21 44 33 48 38 18 26 17 25 16 14 16 4 7 5 3 2 6 4 3 2 0 3 0 0 1 1 1 0 1 0 1 0 1 0 0 0 0 0 0 0 0 0 0 0 0 0 0 0 0 0 0 0 0 0 0 0 0 0 0 0 0 0 0 0 0 0 0 0 0 0 0 0 0 0 0 0 0 0 0 0 
0 0 0 0 0 0 0 0 0 0 0 0 0 0 0 1 2 15 13 19 28 36 43 41 40 32 15 19 11 22 25 12 8 2 4 5 4 4 0 2 0 3 0 1 3 0 1 1 0 0 1 0 0 0 0 0 0 0 0 0 0 0 0 0 0 0 0 0 0 0 0 0 0 0 0 0 0 0 0 0 0 0 0 0 0 0 0 0 0 0 0 0 0 0 0 0 0 0 0 0 0 
0 0 0 0 0 0 0 0 0 0 0 0 0 1 1 5 1 13 26 17 18 30 45 37 49 28 18 21 24 18 17 10 14 5 4 3 2 2 4 3 1 2 5 3 0 4 1 1 0 0 1 0 0 0 0 0 0 0 0 0 0 0 0 0 0 1 0 0 0 0 0 0 0 0 0 0 0 0 0 0 0 0 0 0 0 0 0 0 0 0 0 0 0 0 0 0 0 0 0 0 0 
0 0 0 0 0 0 0 0 0 0 0 0 0 0 2 1 1 6 22 8 17 28 28 35 33 13 15 19 19 14 18 16 12 9 4 4 4 3 4 3 1 2 0 1 3 1 2 1 2 0 1 1 0 0 0 0 1 2 0 0 0 0 0 1 0 0 0 0 0 0 1 1 0 0 0 0 0 0 0 0 0 0 0 0 0 0 0 0 0 0 0 0 0 0 0 0 0 0 0 0 0 
0 0 0 0 0 0 0 0 0 0 0 0 0 0 0 5 2 6 22 16 16 35 35 41 28 21 20 16 16 12 19 8 9 4 4 6 2 1 5 1 2 4 2 2 0 3 3 1 0 1 1 1 1 0 0 1 1 0 0 0 1 0 0 0 0 1 0 0 0 0 0 0 0 0 0 0 0 0 0 0 0 0 0 0 0 0 0 0 0 0 0 0 0 0 0 0 0 0 0 0 0 
0 0 0 0 0 0 0 0 0 0 0 0 0 0 0 3 2 5 16 7 17 28 28 28 33 24 18 7 24 17 9 6 12 11 6 9 9 5 3 2 2 3 0 1 0 3 0 0 2 1 1 0 1 0 0 0 1 0 0 0 0 0 0 0 0 0 0 0 0 0 0 0 0 0 0 0 0 0 0 0 0 0 0 0 0 0 0 0 0 0 0 0 0 0 0 0 0 0 0 0 0 
0 0 0 0 0 0 0 0 0 0 0 0 0 0 0 0 3 7 14 10 13 22 32 25 22 17 20 12 13 7 12 8 14 6 7 7 5 2 4 4 3 2 1 1 1 2 3 2 1 1 1 0 0 2 0 0 1 0 0 0 0 0 0 1 0 0 0 0 0 0 0 0 0 0 0 0 0 0 0 0 0 0 0 0 0 0 0 0 0 0 0 0 0 0 0 0 0 0 0 0 0 
0 0 0 0 0 0 0 0 0 0 0 0 0 0 0 0 2 3 15 6 18 12 28 20 36 19 16 11 22 15 12 10 7 12 9 10 9 1 10 4 0 1 1 1 0 0 2 2 1 2 1 0 1 2 0 0 1 0 1 0 0 0 0 1 0 0 0 0 0 0 0 0 0 0 0 0 0 0 0 0 0 0 0 0 0 0 0 0 0 0 0 0 0 0 0 0 0 0 0 0 0 
0 0 0 0 0 0 0 0 0 0 0 0 0 0 0 0 0 5 11 7 8 22 29 18 16 30 15 18 10 12 13 13 13 10 8 8 15 2 5 2 1 4 1 0 0 1 1 0 0 0 0 1 0 1 0 0 0 0 0 0 1 0 0 0 0 2 0 0 0 1 0 0 0 0 0 0 0 0 0 0 1 0 0 0 0 0 0 0 0 0 0 0 0 0 0 0 0 0 0 0 0 
0 0 0 0 0 0 0 0 0 0 0 0 0 0 0 1 1 7 4 7 6 20 22 25 25 24 18 15 13 10 14 12 8 10 7 8 5 2 3 2 3 4 1 2 2 2 1 1 0 2 2 1 2 2 1 1 1 0 0 1 0 0 0 0 0 0 0 0 0 0 0 0 0 0 0 0 0 0 0 0 0 0 0 0 0 0 0 0 0 0 0 0 0 0 0 0 0 0 0 0 0 
0 0 0 0 0 0 0 0 0 0 0 0 0 0 0 0 1 5 6 5 7 23 28 24 28 21 14 18 18 14 16 15 8 12 6 7 5 7 4 7 3 3 2 1 1 1 2 3 1 0 1 2 2 0 1 0 0 0 1 0 1 0 0 0 0 0 0 0 0 0 0 0 0 0 0 0 0 0 0 0 0 0 0 0 0 0 0 0 0 0 0 0 0 0 0 0 0 0 0 0 0 
0 0 0 0 0 0 0 0 0 0 0 0 0 0 0 1 0 3 5 1 8 12 22 28 20 19 24 14 21 18 14 10 11 10 2 7 6 6 11 5 1 5 1 1 3 3 2 3 1 1 0 3 0 1 0 0 0 2 0 1 0 0 0 0 0 0 0 0 2 0 0 0 0 0 0 0 0 0 0 0 0 0 0 0 0 0 0 0 0 0 0 0 0 0 0 0 0 0 0 0 0 
0 0 0 0 0 0 0 0 0 0 0 0 0 0 0 0 2 4 7 6 8 17 22 28 35 20 18 20 18 13 11 9 11 11 6 9 4 12 5 7 3 1 2 1 5 2 3 1 1 3 2 2 0 0 0 3 1 1 0 0 1 0 1 0 0 0 0 0 0 0 1 0 0 0 0 0 0 0 0 0 0 0 0 0 0 0 0 0 0 0 0 0 0 0 0 0 0 0 0 0 0 
0 0 0 0 0 0 0 0 0 0 0 0 0 0 0 0 0 2 3 3 5 17 23 20 22 17 19 26 19 14 19 14 16 9 6 9 7 5 6 6 5 1 4 1 2 2 3 1 2 2 4 1 1 2 1 3 1 3 0 1 1 0 1 0 0 1 1 0 0 0 0 0 0 0 0 0 0 0 1 0 0 0 0 0 0 0 0 0 0 0 0 0 0 0 0 0 0 0 0 0 0 
0 0 0 0 0 0 0 0 0 0 0 0 0 0 0 0 1 1 0 2 4 13 15 31 19 10 17 16 17 13 16 14 6 18 7 12 3 7 9 9 9 3 2 4 1 3 3 2 2 2 2 2 2 0 2 0 2 1 0 1 0 1 0 1 0 0 0 0 1 0 0 0 0 1 1 0 0 0 0 0 0 0 0 0 0 0 0 0 0 0 0 0 0 0 0 0 0 0 0 0 0 
0 0 0 0 0 0 0 0 0 0 0 0 0 0 0 0 0 1 1 0 1 10 13 20 20 23 23 13 17 15 14 19 8 13 7 3 8 11 8 5 5 5 5 8 8 1 2 3 4 2 4 0 3 4 2 0 2 1 0 0 2 0 1 1 0 1 0 0 0 1 0 0 0 0 0 0 0 0 0 0 0 0 0 0 0 0 0 0 0 0 0 0 0 0 0 0 0 0 0 0 0 
0 0 0 0 0 0 0 0 0 0 0 0 0 0 0 0 0 1 4 5 3 7 7 31 31 19 27 13 19 20 15 13 21 9 3 9 7 9 7 5 8 4 3 5 5 4 1 3 3 6 0 0 2 1 5 3 2 1 1 2 0 1 1 0 0 0 0 0 0 0 0 0 0 0 0 0 1 0 0 0 0 0 0 0 0 0 0 0 0 0 0 0 0 0 0 0 0 0 0 0 0 
0 0 0 0 0 0 0 0 0 0 0 0 0 0 0 0 0 1 3 5 1 11 23 15 21 16 13 22 19 17 21 19 14 11 9 8 13 17 8 9 8 9 8 9 7 4 4 2 4 1 3 1 2 2 4 0 2 2 2 0 0 0 2 1 0 0 0 2 0 0 0 0 2 0 0 0 0 0 1 0 0 0 0 0 0 0 0 0 0 0 0 1 0 0 0 0 0 0 0 0 0 
0 0 0 0 0 0 0 0 0 0 0 0 0 0 0 0 0 0 3 3 0 6 12 19 14 18 21 15 21 20 17 19 10 7 12 11 10 7 9 8 3 12 4 10 4 4 6 1 3 5 5 5 2 3 3 1 1 1 4 2 0 1 0 0 1 0 1 0 0 0 0 0 1 1 0 0 0 0 0 0 1 0 0 1 0 0 0 0 0 0 0 0 0 1 0 0 0 0 0 0 0 
0 0 0 0 0 0 0 0 0 0 0 0 0 0 0 0 0 1 1 1 0 5 15 16 25 11 20 19 17 28 22 28 8 16 11 10 13 3 8 9 4 11 4 6 4 7 9 8 4 7 4 1 2 1 3 0 0 3 3 0 2 1 1 0 2 0 0 0 1 0 0 0 2 0 0 0 0 0 0 0 0 0 0 0 0 0 0 0 0 0 0 0 0 0 0 0 0 0 0 0 0 
0 0 0 0 0 0 0 0 0 0 0 0 0 0 0 0 0 0 1 0 1 4 9 16 19 12 23 14 12 23 21 19 18 12 11 19 11 5 10 5 11 10 11 4 6 8 4 1 7 5 4 2 1 0 5 1 5 2 3 2 0 0 1 1 1 1 1 1 0 0 0 0 1 0 0 2 0 0 0 0 0 1 0 0 0 0 0 0 0 0 0 0 0 0 0 0 0 0 0 0 0 
0 0 0 0 0 0 0 0 0 0 0 0 0 0 0 0 0 0 2 1 1 5 17 12 24 15 18 10 11 19 11 13 11 5 8 8 10 11 11 12 12 5 4 6 6 12 7 7 3 3 3 3 10 1 3 4 3 2 1 0 2 3 5 0 1 0 0 0 0 0 1 0 0 0 0 1 0 0 0 0 0 0 0 1 0 0 0 0 0 0 0 0 0 0 0 0 0 0 0 0 0 
0 0 0 0 0 0 0 0 0 0 0 0 0 0 0 1 0 0 1 3 1 1 4 15 20 15 10 13 13 14 12 14 10 11 13 5 11 12 16 11 9 9 13 6 12 9 7 6 9 5 5 7 6 3 2 2 5 4 2 1 1 0 4 0 1 1 3 0 2 0 1 1 0 1 0 0 0 0 0 0 0 0 0 0 1 0 0 0 0 1 0 0 0 0 1 0 0 0 0 0 0 
0 0 0 0 0 0 0 0 0 0 0 0 0 0 0 0 0 1 0 2 2 3 9 5 27 21 18 14 20 23 16 24 13 14 7 16 5 8 12 13 14 11 10 14 9 11 7 9 9 6 7 2 5 2 5 2 2 2 2 3 3 2 1 1 0 5 1 2 0 0 1 0 0 0 0 0 0 0 0 0 0 0 0 0 1 0 0 0 0 0 0 0 0 0 0 0 0 0 0 0 0 
0 0 0 0 0 0 0 0 0 0 0 0 0 0 0 0 0 0 0 0 0 1 7 13 11 24 16 15 15 21 22 22 11 13 13 14 12 12 3 8 4 10 1 10 10 7 6 4 8 10 7 8 6 1 2 4 4 6 4 3 3 3 1 1 3 3 1 2 0 3 2 1 0 0 0 0 1 0 0 0 0 1 0 1 1 1 0 0 0 0 0 0 0 0 0 0 0 0 0 0 1 
0 0 0 0 0 0 0 0 0 0 0 0 0 0 0 0 0 1 1 1 3 4 2 10 11 15 18 18 19 15 28 15 14 20 10 10 8 11 10 8 8 6 7 8 3 6 10 13 3 5 8 9 6 8 2 1 3 5 3 4 5 3 6 2 1 2 1 0 2 3 1 0 1 1 2 0 0 0 1 0 0 0 0 0 0 2 0 0 0 0 2 0 0 0 1 0 0 0 0 0 1 
0 0 0 0 0 0 0 0 0 0 0 0 0 0 0 0 0 0 2 0 3 4 7 9 17 13 12 17 10 16 13 22 19 13 9 11 13 8 5 6 8 14 8 3 6 5 4 11 5 7 7 7 9 7 10 11 2 7 2 3 3 0 2 5 3 2 1 1 3 4 2 1 1 0 0 1 0 0 0 0 0 0 0 1 0 0 0 0 0 0 0 0 0 0 0 0 0 0 0 0 0 
0 0 0 0 0 0 0 0 0 0 0 0 0 0 0 0 0 0 0 0 0 1 4 8 15 11 12 9 15 14 16 14 17 8 9 6 17 9 9 11 7 3 4 8 3 10 7 3 4 10 8 9 8 1 6 6 4 6 6 4 7 3 3 1 5 1 3 4 3 0 2 2 2 1 2 0 1 1 0 0 0 0 1 0 0 0 0 0 0 1 0 0 0 0 0 0 0 0 0 0 0 
0 0 0 0 0 0 0 0 0 0 0 0 0 0 0 0 0 1 1 0 1 2 3 9 17 15 10 10 12 14 3 13 11 10 10 10 9 14 6 5 5 7 5 7 6 7 5 10 5 3 11 5 7 4 3 4 4 2 1 3 4 4 5 4 3 4 1 4 3 2 2 1 2 1 1 1 1 0 0 1 1 0 1 0 0 0 0 0 0 0 0 0 0 0 0 0 0 0 0 0 0 
0 0 0 0 0 0 0 0 0 0 0 0 0 0 0 0 0 0 0 0 1 1 5 9 13 10 10 7 13 21 14 12 18 12 11 9 11 12 6 2 7 3 9 3 9 5 6 4 7 3 4 8 6 3 5 2 7 5 6 6 0 4 3 2 3 1 2 2 1 2 3 1 3 1 1 0 1 1 0 0 1 0 0 0 0 0 0 0 0 1 0 0 0 0 0 0 0 0 0 0 0 
0 0 0 0 0 0 0 0 0 0 0 0 0 0 0 0 0 0 0 1 0 0 6 10 13 12 12 11 15 14 15 11 6 7 12 15 4 10 5 10 6 8 6 9 7 7 7 8 8 9 8 8 4 7 1 6 2 5 2 4 1 7 2 4 4 3 1 6 3 3 0 3 2 1 1 3 2 2 1 2 1 1 0 0 0 1 0 0 0 0 0 0 0 0 1 0 0 0 0 0 0 
0 0 0 0 0 0 0 0 0 0 0 0 0 0 0 0 0 0 0 0 0 1 2 9 17 9 13 12 10 5 12 9 10 15 13 12 11 9 9 8 6 8 4 12 6 9 7 7 9 5 5 5 7 2 5 4 12 4 5 4 1 3 2 3 3 1 2 2 0 4 1 1 2 4 0 1 1 1 1 0 0 0 0 1 0 0 0 0 0 1 0 0 0 0 0 0 0 0 1 0 1 
0 0 0 0 0 0 0 0 0 0 0 0 0 0 0 0 0 0 1 0 0 0 3 8 9 11 11 12 10 6 6 4 8 7 15 15 11 4 6 7 11 5 8 5 10 6 5 7 7 5 6 5 2 12 4 2 7 2 6 4 4 4 2 5 2 7 1 4 0 2 1 1 3 3 1 1 0 2 1 1 0 1 0 1 0 1 0 0 0 0 0 0 0 0 0 1 0 0 0 0 1 
0 0 0 0 0 0 0 0 0 0 0 0 0 0 0 0 0 0 0 0 0 1 1 7 6 6 6 4 9 7 14 15 10 12 11 5 10 4 2 7 5 7 10 3 7 9 8 9 6 8 4 8 2 3 3 7 4 4 7 3 3 4 7 5 4 4 4 0 1 2 0 5 2 1 2 0 1 0 1 1 0 1 0 1 1 0 0 1 0 0 0 0 1 1 0 0 0 0 0 0 1 
0 0 0 0 0 0 0 0 0 0 0 0 0 0 0 0 0 0 0 0 0 0 5 3 6 9 11 5 10 17 10 11 5 13 14 10 11 12 10 10 8 8 9 4 5 10 4 6 9 1 4 8 6 2 5 3 5 7 4 4 6 4 8 1 2 5 1 3 5 1 3 1 3 1 1 1 2 1 1 0 0 3 1 0 1 0 0 0 1 0 0 0 2 0 0 0 0 0 0 0 0 
0 0 0 0 0 0 0 0 0 0 0 0 0 0 0 0 0 0 0 0 0 0 1 5 9 7 10 12 6 13 8 4 10 8 5 12 7 9 11 9 5 17 3 3 10 3 6 7 3 10 7 7 3 5 6 5 8 5 4 5 3 3 5 8 7 2 3 1 2 2 0 2 2 2 2 4 2 1 0 2 3 2 0 1 0 1 2 0 0 1 1 0 0 1 0 0 0 0 1 0 4 
0 0 0 0 0 0 0 0 0 0 0 0 0 0 0 0 0 0 0 0 0 0 2 7 3 7 10 7 8 4 8 10 9 9 3 9 5 8 8 10 4 5 4 8 5 7 8 8 4 6 5 4 2 13 3 4 1 6 9 6 6 6 3 6 5 2 1 6 3 2 3 2 3 3 1 0 2 3 4 2 1 2 2 0 1 1 1 1 1 0 0 0 1 0 0 1 0 1 1 0 2 
0 0 0 0 0 0 0 0 0 0 0 0 0 0 0 0 0 0 0 0 0 0 1 8 5 11 5 7 6 10 9 8 10 9 8 11 4 5 8 9 4 4 7 6 7 11 9 7 7 6 9 4 2 8 3 6 3 2 8 5 11 6 5 4 6 5 3 3 5 3 5 3 1 5 3 1 2 2 0 0 3 1 2 0 1 2 0 0 0 1 0 0 0 0 0 0 0 0 0 0 1 
0 0 0 0 0 0 0 0 0 0 0 0 0 0 0 0 0 0 0 0 0 0 1 7 6 4 5 3 10 0 9 11 6 7 7 7 5 4 9 9 6 7 5 8 7 8 7 4 8 1 1 6 5 9 5 2 4 6 3 6 2 8 6 0 6 6 4 6 0 2 2 2 3 1 2 4 3 2 3 2 0 0 2 0 0 2 0 0 3 0 0 0 0 0 1 0 0 1 0 1 4 
0 0 0 0 0 0 0 0 0 0 0 0 0 0 0 0 0 0 0 0 0 0 1 3 4 9 9 4 5 7 11 5 4 11 9 7 4 5 8 8 5 11 5 8 5 7 9 6 9 4 12 8 11 5 4 12 3 6 4 8 2 2 6 8 4 10 6 5 1 3 1 0 2 5 2 4 1 3 0 0 4 0 1 1 2 1 0 0 0 1 0 0 0 0 0 0 1 0 0 0 2 
0 0 0 0 0 0 0 0 0 0 0 0 0 0 0 0 0 0 0 0 0 0 1 5 10 4 7 2 1 3 8 7 5 7 6 5 6 8 6 9 12 5 6 11 4 5 3 6 3 5 5 2 3 5 8 7 8 2 6 7 8 6 6 4 4 0 5 7 2 3 2 3 4 5 2 0 2 1 3 2 0 1 0 0 0 0 1 1 0 0 0 0 0 1 0 0 0 0 1 0 3 
0 0 0 0 0 0 0 0 0 0 0 0 0 0 0 0 0 0 0 0 0 0 2 27 37 45 43 39 50 47 41 45 48 56 64 65 65 84 83 76 78 88 103 111 98 97 101 95 139 130 137 123 142 155 145 140 140 142 127 159 158 156 169 179 186 162 181 182 190 198 190 212 184 171 188 193 179 180 211 166 189 161 178 168 188 173 171 170 144 157 151 147 185 153 157 159 157 156 138 115 5035 
